0 4.52497 2223 7
1 3.29063 523 3
2 4.35182 2578 8
3 4.05338 1330 5
4 4.56051 628 3
5 3.96324 136 1
6 4.05691 123 1
7 3.69953 213 2
8 3.87324 355 2
9 3.52381 21 1
10 3.82587 201 2
11 4.66667 9 1
12 4.41282 1669 6
13 4.24796 1718 6
14 4.51042 2304 7
15 4.33924 1185 5
16 4.55456 2227 7
17 4.1875 16 1
18 3.76923 52 1
19 4.10169 59 1
20 4.12748 2369 7
21 4.31739 3428 10
22 4.25468 2513 7
23 3.85185 189 2
24 4.33735 2653 8
25 4.34426 61 1
26 4.02754 835 4
27 4.40626 2459 7
28 3.89149 1751 6
29 4.18855 716 3
30 4.22481 1072 4
31 4.21941 2288 7
32 4.09574 94 1
33 3.73973 219 2
34 4.07354 1251 5
35 3.75887 705 3
36 3.82166 157 1
37 3.79916 478 3
38 4.13714 350 2
39 3.47826 138 1
40 3.93264 772 3
41 3.60088 228 2
42 3.82343 572 3
43 4.20816 1177 5
44 4.32986 1152 4
45 3.69687 927 4
46 3.86583 477 3
47 4.08268 254 2
48 3.73149 1229 5
49 4.17636 1548 5
50 4.51711 1783 6
51 4.06314 491 3
52 3.42463 544 3
53 3.6989 455 3
54 3.89483 561 3
55 4.13582 1259 5
56 4.05851 2649 8
57 4.09381 501 3
58 3.72611 471 3
59 3.85477 723 3
60 3.93915 493 3
61 3.75168 745 3
62 4.18387 1240 5
63 3.22326 215 2
64 3.91667 168 2
65 4.0656 564 3
66 3.87239 1199 5
67 3.74371 1233 5
68 4.14168 1334 5
69 4.29438 445 2
70 4.36893 206 2
71 4.08989 356 2
72 3.71429 42 1
73 4.10638 188 2
74 4.12466 1099 4
75 4.16815 672 3
76 4.23891 1352 5
77 4.05302 1207 5
78 4.08217 718 3
79 4.25376 930 4
80 3.3494 415 2
81 4.16949 413 2
82 3.97111 1731 6
83 3.89416 1011 4
84 4.14438 658 3
85 4.30371 2318 7
86 3.88996 518 3
87 3.83577 274 2
88 4.11157 242 2
89 4.36152 473 3
90 4.24937 397 2
91 4.16571 175 2
92 3.78717 982 4
93 4.10158 443 2
94 3.92381 105 1
95 4.21564 1419 5
96 3.66282 780 3
97 3.77141 1728 6
98 3.6338 71 1
99 3.40441 136 1
100 3.83602 372 2
101 3.99032 2583 8
102 4.14964 421 2
103 4.02626 990 4
104 3.95303 2278 7
105 4.1271 417 2
106 3.85618 744 3
107 4.01299 77 1
108 3.56789 1495 5
109 4.18301 306 2
110 4.14741 251 2
111 3.33226 936 4
112 3.95118 676 3
113 4.04399 591 3
114 3.63105 599 3
115 3.60223 269 2
116 3.96319 978 4
117 4.21647 425 2
118 3.77922 385 2
119 3.96438 365 2
120 3.76259 139 1
121 4.45369 2991 9
122 4.01447 1451 5
123 4.44989 1367 5
124 3.96518 2269 7
125 4.02289 2883 9
126 4.06876 1716 6
127 3.65993 594 3
128 3.9543 372 2
129 3.90293 443 2
130 4.15409 636 3
131 3.75563 577 3
132 3.90456 943 4
133 4.28362 751 3
134 3.85131 343 2
135 3.79365 189 2
136 4.05782 761 3
137 3.69484 213 2
138 3.79231 260 2
139 3.86084 1121 4
140 3.7883 1351 5
141 3.57407 54 1
142 3.14844 256 2
143 3.61751 434 2
144 3.9396 1341 5
145 3.57772 817 4
146 3.60687 262 2
147 3.69674 399 2
148 3.7732 291 2
149 3.3115 687 3
150 3.71037 511 3
151 3.46476 525 3
152 3.64368 174 2
153 3.62032 187 2
154 3.53049 164 2
155 3.8044 864 4
156 3.22308 390 2
157 3.25532 282 2
158 3.81197 117 1
159 2.97644 382 2
160 4.45208 480 3
161 4.31238 541 3
162 4.27293 905 4
163 4.47619 1050 4
164 4.39597 1043 4
165 4.07916 379 2
166 3.80795 302 2
167 4.01198 167 2
168 4.18593 199 2
169 4.23973 292 2
170 4.09626 187 2
171 4.20205 292 2
172 3.3905 379 2
173 3.79095 464 3
174 4.25558 403 2
175 4.23077 299 2
176 4.38889 1116 4
177 3.9974 1156 4
178 3.1108 352 2
179 4.08957 1697 6
180 4.08797 2194 7
181 3.97134 1326 5
182 4.50794 882 4
183 3.90555 2181 6
184 4.07514 346 2
185 4.33521 1599 6
186 4.33333 765 3
187 2.32465 499 3
188 4.04384 365 2
189 3.66667 27 1
190 3.95218 711 3
191 4.35757 1692 6
192 3.92253 839 4
193 4.39072 1725 6
194 4.38699 938 4
195 4.07407 297 2
196 4.25181 1382 5
197 4.24863 732 3
198 4.05882 884 4
199 4.22843 394 2
200 4.38403 1315 5
201 4.42565 928 4
202 4.27985 268 2
203 3.58344 1546 5
204 3.43524 664 3
205 3.26769 325 2
206 2.77778 513 3
207 2.6779 534 3
208 4.26975 519 3
209 4.24 450 3
210 4.08 750 3
211 3.90984 122 1
212 4.23288 219 2
213 4.01878 426 2
214 4.08077 520 3
215 2.85612 139 1
216 3.42286 700 3
217 3.38842 1434 5
218 3.00293 1367 5
219 3.70986 1389 5
220 3.50473 634 3
221 3.15867 750 3
222 2.44207 328 2
223 4.29545 616 3
224 4.13776 588 3
225 3.96993 765 3
226 4.02035 688 3
227 1.70122 164 2
228 3.13527 791 3
229 3.03153 1237 5
230 3.26203 935 4
231 3.45238 42 1
232 3.03604 111 1
233 4.12539 2241 7
234 3.37656 640 3
235 2.70213 423 2
236 4.3027 1001 4
237 3.285 200 2
238 3.75926 108 1
239 2.90404 198 2
240 2.54978 231 2
241 3.94688 1412 5
242 3.35948 612 3
243 2.88889 171 2
244 3.15884 447 3
245 4.2432 1176 5
246 3.86544 379 2
247 4.13436 521 3
248 4.14158 671 3
249 3.89011 91 1
250 3.80531 113 1
251 3.80705 1021 4
252 3.89514 391 2
253 3.40735 680 3
254 2.92979 527 3
255 3.22182 559 3
256 2.94083 169 2
257 3.12 25 1
258 2.87291 598 3
259 3.35116 430 2
260 3.03252 246 2
261 3.20102 786 3
262 3.67807 497 3
263 4.02985 938 4
264 3.63333 60 1
265 4 141 1
266 3.93035 1522 5
267 3.1686 777 3
268 2.10744 121 1
269 2.62943 564 3
270 3.86388 1315 5
271 4.2752 1657 6
272 4.09692 1785 6
273 2.95031 161 1
274 4.02151 279 2
275 3.20106 945 4
276 3.82222 135 1
277 3.80574 453 3
278 4.12288 236 2
279 4.12931 348 2
280 4.11312 663 3
281 3.76942 811 4
282 3.90313 320 2
283 3.81315 578 3
284 3.13534 266 2
285 3.7 390 2
286 2.38235 476 3
287 2.30792 341 2
288 2.91192 193 2
289 3.97175 354 2
290 3.74138 58 1
291 4.17979 1118 4
292 3.92 325 2
293 3.69091 330 2
294 2.23415 205 2
295 2.75 144 1
296 2.50119 421 2
297 2.79661 118 1
298 3.72549 51 1
299 3.89398 1113 4
300 3.47843 765 3
301 3.99618 1046 4
302 4.09872 861 4
303 3.83117 77 1
304 4.15466 1222 5
305 3.35837 466 3
306 2.8683 448 3
307 2.68323 161 1
308 3.0176 341 2
309 2.59521 793 3
310 3.94737 95 1
311 3.61111 198 2
312 4.27821 2171 6
313 3.97674 215 2
314 3.65335 626 3
315 3.50582 773 3
316 3.67133 715 3
317 3.8211 872 4
318 2.66834 199 2
319 3.16827 624 3
320 3.01055 853 4
321 3.20303 330 2
322 3.25503 447 3
323 2.33125 160 1
324 3.95265 359 2
325 3.99014 507 3
326 3.88092 781 3
327 3.45498 622 3
328 3.17949 624 3
329 3.01689 533 3
330 2.83871 31 1
331 2.328 250 2
332 3.66434 143 1
333 3.30074 542 3
334 3.04636 755 3
335 2.85145 276 2
336 3.84098 1220 5
337 3.11111 171 2
338 3.96226 583 3
339 3.44578 166 2
340 3.05122 410 2
341 2.73913 115 1
342 3.76044 1269 5
343 2.89976 419 2
344 3.62628 487 3
345 3.51689 1066 4
346 2.7331 577 3
347 3.9053 264 2
348 3.18926 391 2
349 3.85714 224 2
350 3.07089 395 2
351 2.22727 22 1
352 4.21893 1585 6
353 3.50338 1331 5
354 2.21094 128 1
355 3.20635 126 1
356 3.2561 410 2
357 2.15854 902 4
358 3.67982 1799 6
359 3.39407 236 2
360 3.515 200 2
361 3.41333 225 2
362 3.81481 27 1
363 4.08247 388 2
364 3.27907 86 1
365 3.38 50 1
366 3.31757 148 1
367 4.47772 2514 7
368 4.42694 438 2
369 4.52055 657 3
370 4.02857 105 1
371 4.29298 2990 9
372 4.03241 216 2
373 2.44444 9 1
374 4.05587 179 2
375 4.38745 271 2
376 4.05195 77 1
377 4.13761 327 2
378 4.21853 1263 5
379 4.30769 117 1
380 3.45098 51 1
381 4.23607 305 2
382 3.9916 238 2
383 4.04462 381 2
384 4.40465 215 2
385 3.74074 81 1
386 4.01538 65 1
387 4.27333 1800 6
388 4.21595 514 3
389 2.97845 232 2
390 3.65102 980 4
391 4.30069 582 3
392 3.90828 676 3
393 4.24584 1261 5
394 4.23431 239 2
395 3.89235 353 2
396 4.49149 470 3
397 4.05652 230 2
398 4.30498 482 3
399 4.22388 67 1
400 4.12903 310 2
401 3.9 20 1
402 4.22567 483 3
403 4.28372 215 2
404 3.97537 406 2
405 3.40978 2250 7
406 4.01836 926 4
407 4.18759 677 3
408 3.97973 148 1
409 4.33577 274 2
410 3.76845 1382 5
411 3.82265 874 4
412 3.46642 536 3
413 4.31583 2590 8
414 3.94573 1511 5
415 3.76385 2672 8
416 4.15958 2024 6
417 3.91242 628 3
418 4.08571 245 2
419 4.08254 630 3
420 3.40959 1001 4
421 2.62105 475 3
422 3.71123 1077 4
423 3.49297 996 4
424 3.68236 1996 6
425 2.95506 178 2
426 3.70916 1310 5
427 3.72777 1091 4
428 3.64052 1377 5
429 3.73995 2538 8
430 3.16648 895 4
431 3.8963 135 1
432 4.04797 271 2
433 3.37677 990 4
434 3.24216 1148 4
435 3.3482 807 4
436 2.90601 383 2
437 2.87151 179 2
438 2.99578 948 4
439 4.26891 357 2
440 3.98551 69 1
441 4.35714 252 2
442 3.40113 1421 5
443 2.95892 779 3
444 2.88235 221 2
445 3.93038 158 1
446 4.05 460 3
447 3.03665 1255 5
448 2.92529 348 2
449 2.86995 569 3
450 3.03784 925 4
451 2.90037 1074 4
452 2.58471 667 3
453 4.15205 2098 6
454 3.69243 608 3
455 4.03111 225 2
456 4.19 100 1
457 3.53179 346 2
458 2.66359 541 3
459 2.512 375 2
460 2.38134 493 3
461 2.51807 498 3
462 2.25722 381 2
463 2.12315 203 2
464 4.03797 474 3
465 3.54 50 1
466 4.25909 220 2
467 3.97154 773 3
468 2.34921 189 2
469 2.65138 218 2
470 1.6701 97 1
471 2.03 300 2
472 3.93798 129 1
473 4.09748 913 4
474 3.91707 205 2
475 3.72222 72 1
476 4.12582 1820 6
477 3.88052 1448 5
478 3.5 20 1
479 3.93363 452 3
480 3.35383 927 4
481 3.65631 1126 4
482 3.44071 1071 4
483 3.69406 1010 4
484 3.45159 1229 5
485 3.65382 1297 5
486 3.3437 1158 4
487 3.35615 789 3
488 3.35567 970 4
489 3.71942 278 2
490 3.65211 710 3
491 3.41702 470 3
492 3.53777 1006 4
493 3.09609 281 2
494 4.32031 1049 4
495 4.14132 559 3
496 3.79221 77 1
497 3.93 400 2
498 3.68309 751 3
499 2.93301 1045 4
500 3.1643 846 4
501 2.74878 613 3
502 2.77686 121 1
503 2.52896 259 2
504 2.31338 284 2
505 2.33659 511 3
506 4.28918 453 3
507 4.25063 1193 5
508 3.65079 63 1
509 3.5503 169 2
510 3.71284 989 4
511 4.14124 177 2
512 3.7785 307 2
513 3.95122 41 1
514 3.97984 744 3
515 3.83744 1095 4
516 3.66572 353 2
517 4.08712 264 2
518 4.22754 334 2
519 3.95806 453 3
520 4.19335 1112 4
521 3.68031 1417 5
522 4.23496 2443 7
523 4.09877 243 2
524 4.10488 1087 4
525 3.5 16 1
526 3.37037 27 1
527 3.79653 634 3
528 4.07393 798 3
529 3.82334 317 2
530 3.98462 325 2
531 3.60494 567 3
532 2.37288 118 1
533 3.14883 766 3
534 3.26087 23 1
535 3.75862 261 2
536 4.17329 277 2
537 3.96005 751 3
538 3.95014 1424 5
539 4.10618 923 4
540 3.91523 1451 5
541 3.86169 1005 4
542 3.90064 312 2
543 3.7887 885 4
544 3.59267 1473 5
545 3.62646 945 4
546 4.05447 257 2
547 3.85659 258 2
548 3.75587 213 2
549 3.84127 693 3
550 3.17021 141 1
551 3.54733 824 4
552 3.18519 108 1
553 3.5508 374 2
554 3.91778 450 3
555 3.65608 756 3
556 3.47826 23 1
557 3.79555 719 3
558 3.90316 475 3
559 3.75529 756 3
560 3.69686 541 3
561 3.92067 416 2
562 3.8565 223 2
563 3.58333 456 3
564 3.7938 1033 4
565 3.4858 317 2
566 3.19535 215 2
567 2.72941 170 2
568 3.20152 263 2
569 3.45272 349 2
570 3.67971 1099 4
571 3.59012 344 2
572 3.62389 1356 5
573 3.14182 691 3
574 3.22857 210 2
575 3.53 100 1
576 3.68923 724 3
577 3.57075 212 2
578 3.71351 555 3
579 3.41441 333 2
580 3.67434 608 3
581 3.48953 907 4
582 3.14051 669 3
583 3.39119 386 2
584 4.16923 130 1
585 3.40625 32 1
586 4.41561 551 3
587 3.24051 158 1
588 3.92715 151 1
589 3.09859 71 1
590 3.27925 265 2
591 3.38636 44 1
592 4.30195 308 2
593 4.08243 461 3
594 3.11348 141 1
595 3.25318 628 3
596 3.8773 652 3
597 3.03846 26 1
598 4.05594 429 2
599 3.25436 802 3
600 3.39223 515 3
601 3.49606 127 1
602 3.17778 135 1
603 4.13382 822 4
604 3.28358 268 2
605 3.60971 989 4
606 3.25773 291 2
607 4.12185 1666 6
608 3.97674 344 2
609 3.78543 741 3
610 3.82773 238 2
611 3.89404 302 2
612 3.97354 378 2
613 3.52439 738 3
614 3.08974 78 1
615 3.16279 344 2
616 3.05206 557 3
617 2.86878 221 2
618 3.31416 226 2
619 3.64865 74 1
620 4.10326 1995 6
621 4.01412 850 4
622 3.57 100 1
623 3.04348 391 2
624 3.34564 298 2
625 2.85942 626 3
626 3.87766 188 2
627 3.15576 321 2
628 2.51724 29 1
629 2.63158 171 2
630 2.58947 285 2
631 3.13713 474 3
632 2.77372 137 1
633 3.91204 216 2
634 3.64646 198 2
635 4.01313 457 3
636 3.68333 60 1
637 4.00599 167 2
638 3.96535 202 2
639 4.00678 295 2
640 3.43125 160 1
641 4.25166 1057 4
642 2.34091 88 1
643 2.0177 113 1
644 2.10219 274 2
645 1.73846 65 1
646 4.04075 319 2
647 2.75 4 1
648 3.99643 560 3
649 3.38579 197 2
650 3.83224 304 2
651 3.71256 1162 4
652 4.07385 325 2
653 3.82579 884 4
654 4.09556 450 3
655 4.14685 2077 6
656 3.97587 373 2
657 4.07334 1568 6
658 3.82397 267 2
659 3.63158 38 1
660 3.84535 763 3
661 4.26667 645 3
662 3.94331 1129 4
663 3.63918 97 1
664 3.35644 101 1
665 3.78453 1086 4
666 3.81338 1136 4
667 3.8976 625 3
668 3.97101 897 4
669 3.85437 1703 6
670 3.71037 1205 5
671 3.90445 1371 5
672 3.60089 1120 4
673 3.27905 1179 5
674 4 102 1
675 3.85841 565 3
676 3.85556 450 3
677 3.47581 248 2
678 3.81118 948 4
679 3.16947 714 3
680 3.42005 838 4
681 3.28037 428 2
682 3.41048 458 3
683 3.70667 825 4
684 3.41533 809 4
685 3.35056 445 2
686 3.48955 909 4
687 3.64149 1046 4
688 3.18891 667 3
689 3.30368 326 2
690 3.76065 986 4
691 3.43446 679 3
692 3.1831 355 2
693 3.2398 392 2
694 2.89286 140 1
695 3.04329 231 2
696 2.76136 264 2
697 3.50244 410 2
698 3.00676 296 2
699 2.95254 295 2
700 3.48106 528 3
701 2.51344 372 2
702 3.85149 101 1
703 3.83212 548 3
704 3.05357 392 2
705 3.19242 660 3
706 2.73262 187 2
707 3.15421 428 2
708 3.16667 60 1
709 3.80914 372 2
710 4.09615 364 2
711 3.0467 364 2
712 2.97672 1031 4
713 3.17672 232 2
714 3.26975 367 2
715 2.90786 369 2
716 2.9067 418 2
717 2.72987 385 2
718 3.58025 81 1
719 3.68737 483 3
720 2.55298 302 2
721 2.76303 211 2
722 2.79581 573 3
723 2.61989 563 3
724 3.15476 252 2
725 2.89286 168 2
726 2.87179 195 2
727 3.01674 478 3
728 2.35206 267 2
729 3.07729 207 2
730 2.47368 19 1
731 2.39815 108 1
732 2.31724 145 1
733 2.64221 777 3
734 2.77419 217 2
735 2.92619 420 2
736 2.81818 88 1
737 2.56085 189 2
738 2.84746 59 1
739 2.21831 142 1
740 2.93048 374 2
741 3.70432 301 2
742 2.66055 109 1
743 2.11628 43 1
744 2.57908 392 2
745 2.54286 140 1
746 2.21875 96 1
747 2.54741 232 2
748 1.87368 190 2
749 2.39296 341 2
750 2.43243 148 1
751 2.63212 193 2
752 2.11475 183 2
753 2.277 213 2
754 2.37324 142 1
755 2.16622 373 2
756 2.04688 64 1
757 2.26087 69 1
758 2.38194 144 1
759 1.87662 154 1
760 2.44898 49 1
761 2.50568 352 2
762 2.37968 187 2
763 2.11594 69 1
764 2.18367 49 1
765 1.875 64 1
766 2.76299 308 2
767 2.36641 131 1
768 4 220 2
769 3.64187 1089 4
770 3.86957 115 1
771 3.56767 266 2
772 3.88691 1627 6
773 4.22656 640 3
774 3.86567 201 2
775 3.85621 765 3
776 3.87461 646 3
777 3.99425 522 3
778 4.11085 1254 5
779 3.68397 1715 6
780 4.00799 1127 4
781 4.00424 707 3
782 3.72313 1340 5
783 3.81333 975 4
784 3.45205 219 2
785 3.60098 1431 5
786 3.58829 1076 4
787 3.68725 988 4
788 3.72616 1059 4
789 3.5104 1730 6
790 3.30279 251 2
791 3.63429 1400 5
792 3.13328 1163 4
793 3.26876 733 3
794 3.96575 146 1
795 3.58845 554 3
796 3.94102 729 3
797 3.78088 680 3
798 3.83747 886 4
799 3.49926 673 3
800 3.46493 884 4
801 3.73494 415 2
802 3.82664 548 3
803 4.25279 269 2
804 3.94737 19 1
805 4.14545 330 2
806 3.61078 167 2
807 4.09011 1143 4
808 4.02092 1434 5
809 2.4269 171 2
810 3.97642 636 3
811 3.81569 803 4
812 3.82837 839 4
813 3.55263 304 2
814 3.763 654 3
815 3.82779 331 2
816 3.81267 742 3
817 3.38789 611 3
818 4.00585 855 4
819 3.72662 695 3
820 3.69825 285 2
821 3.66958 802 3
822 3.4 210 2
823 3.79339 121 1
824 3.75228 549 3
825 3.7378 164 2
826 4.13329 1628 6
827 3.63967 852 4
828 3.84695 967 4
829 3.5903 371 2
830 2.97059 34 1
831 3.83919 740 3
832 3.74074 405 2
833 3.43078 1163 4
834 3.46105 475 3
835 3.50118 425 2
836 3.8952 229 2
837 2.51163 43 1
838 3.5315 254 2
839 2.95476 840 4
840 3.08824 306 2
841 3.42697 534 3
842 2.70293 239 2
843 3.26804 776 3
844 3.42353 510 3
845 3.34848 198 2
846 3.42133 572 3
847 3.22756 312 2
848 2.71812 298 2
849 3.19665 239 2
850 3.35938 64 1
851 2.90619 565 3
852 2.81481 54 1
853 2.92208 385 2
854 3.51383 253 2
855 2.99758 413 2
856 3.97253 182 2
857 3.04101 317 2
858 2.87531 401 2
859 2.64533 375 2
860 3.65986 147 1
861 3.35616 219 2
862 3.88975 771 3
863 2.62802 414 2
864 2.52885 104 1
865 2.79357 373 2
866 2.77519 129 1
867 2.96066 305 2
868 2.82544 401 2
869 3.25 20 1
870 3.69689 1158 4
871 3.84153 549 3
872 2.67715 477 3
873 3.72585 383 2
874 3.76453 327 2
875 3.92857 658 3
876 3.28322 286 2
877 3.81882 712 3
878 3.68844 199 2
879 3.59916 479 3
880 3.97778 720 3
881 3.59646 565 3
882 3.66176 204 2
883 3.88889 153 1
884 2.85106 47 1
885 3.64516 31 1
886 4.01354 591 3
887 3.79736 908 4
888 3.90123 324 2
889 4.03883 206 2
890 3.70814 442 2
891 3.78125 160 1
892 3.61074 149 1
893 3.75385 130 1
894 4.09621 686 3
895 3.751 498 3
896 3.33962 53 1
897 3.69362 643 3
898 3.89691 485 3
899 3.17778 180 2
900 3.47945 219 2
901 3.69444 36 1
902 3.86184 152 1
903 3.89529 191 2
904 3.66516 442 2
905 3.19728 294 2
906 3.83871 31 1
907 3.73854 589 3
908 3.39851 803 4
909 3.59804 102 1
910 3.91096 146 1
911 3.8558 1491 5
912 4.10642 1137 4
913 3.545 1011 4
914 3.62347 409 2
915 2.94536 183 2
916 3.76923 312 2
917 3.40567 811 4
918 3.7695 1128 4
919 3.71787 996 4
920 2.56 50 1
921 3.43929 280 2
922 3.87909 703 3
923 3.97203 143 1
924 3.22105 190 2
925 3.83154 558 3
926 3.7 10 1
927 4.05206 1652 6
928 3.70248 363 2
929 3.52239 67 1
930 3.7375 320 2
931 3.68838 568 3
932 3.79646 452 3
933 3.83566 286 2
934 3.82911 474 3
935 3.74286 490 3
936 3.89377 273 2
937 4 667 3
938 2.91176 102 1
939 3.85592 583 3
940 3.93156 263 2
941 3.92982 171 2
942 3.62335 1362 5
943 3.98246 171 2
944 3.7931 203 2
945 3.80657 548 3
946 3.79119 613 3
947 3.87979 1539 5
948 3.25 20 1
949 3.54647 269 2
950 3.56589 258 2
951 3.69697 33 1
952 3.53333 30 1
953 3.75905 1353 5
954 3.35169 236 2
955 2.84906 53 1
956 3.43464 306 2
957 3.87872 940 4
958 3.7013 154 1
959 2.96104 77 1
960 2.97849 93 1
961 3.80597 469 3
962 3.80423 945 4
963 3.32542 295 2
964 3.49618 131 1
965 3.59091 44 1
966 3.30455 220 2
967 4.11 700 3
968 3.72727 176 2
969 3.375 144 1
970 3.8251 972 4
971 3.63253 166 2
972 3.68428 795 3
973 3.74346 573 3
974 3.31461 267 2
975 3.47713 809 4
976 3.64807 233 2
977 3.14525 179 2
978 3.0188 266 2
979 3.01422 211 2
980 3.72917 480 3
981 3.76923 338 2
982 3.72197 223 2
983 2.7037 135 1
984 4.07811 1229 5
985 3.2686 242 2
986 3.81633 49 1
987 3.87547 265 2
988 3.67761 518 3
989 3.76498 217 2
990 2.5396 202 2
991 3.15 520 3
992 4.30048 832 4
993 4.21044 594 3
994 3.67982 456 3
995 3.73383 1082 4
996 4.16499 697 3
997 4 351 2
998 4.05159 252 2
999 3.84615 741 3
1000 3.01471 68 1
1001 3.90625 96 1
1002 3.86139 1313 5
1003 3.42164 268 2
1004 4.08917 314 2
1005 3.87342 553 3
1006 3.47423 194 2
1007 3.54693 618 3
1008 4.06203 403 2
1009 4.40193 831 4
1010 3.53682 1222 5
1011 3.33333 438 2
1012 3.46965 626 3
1013 3.49014 1116 4
1014 4.00546 733 3
1015 4.20466 386 2
1016 4.0751 253 2
1017 3.13636 792 3
1018 2.82364 550 3
1019 3.92244 361 2
1020 3.93296 179 2
1021 3.91262 206 2
1022 3.66667 78 1
1023 3.28365 899 4
1024 3.57179 397 2
1025 3.1087 736 3
1026 3.01058 189 2
1027 3.88267 733 3
1028 3.57562 886 4
1029 3.3118 356 2
1030 2.66016 615 3
1031 2.30851 564 3
1032 3.19189 1110 4
1033 2.99219 640 3
1034 3.66316 95 1
1035 2.77288 295 2
1036 3.71344 506 3
1037 3.67103 687 3
1038 3.73838 1097 4
1039 3.5678 118 1
1040 3.56545 1650 6
1041 1.94059 202 2
1042 2.09908 434 2
1043 1.87429 350 2
1044 3.1746 63 1
1045 4.28075 374 2
1046 1.88855 332 2
1047 2.61453 358 2
1048 3.06227 273 2
1049 3.84262 305 2
1050 3.69714 525 3
1051 3.49626 802 3
1052 3.67343 542 3
1053 3.63718 554 3
1054 3.27042 355 2
1055 3.60515 699 3
1056 3.20114 701 3
1057 3.74227 97 1
1058 3.74778 789 3
1059 3.22549 612 3
1060 2.37224 317 2
1061 2.56364 440 2
1062 3.01801 722 3
1063 3.47706 218 2
1064 2.12749 251 2
1065 4.2878 615 3
1066 3.27932 469 3
1067 3.17753 445 2
1068 2.76744 129 1
1069 2.85882 85 1
1070 3.40764 628 3
1071 3.47097 155 1
1072 3.67932 474 3
1073 4.07719 1451 5
1074 2.95541 157 1
1075 3.17188 448 3
1076 2.625 32 1
1077 3.56121 825 4
1078 3.12435 386 2
1079 2.8162 321 2
1080 3.14642 321 2
1081 4.1108 704 3
1082 2.67442 129 1
1083 3.31429 105 1
1084 3.51282 273 2
1085 3.3064 297 2
1086 3.68614 1010 4
1087 3.54185 1135 4
1088 3.27542 541 3
1089 3.04104 463 3
1090 3.31894 301 2
1091 3.35833 480 3
1092 3.42138 636 3
1093 3.29116 1233 5
1094 3.51896 422 2
1095 3.30667 300 2
1096 2.80282 71 1
1097 3.13609 338 2
1098 3.08178 269 2
1099 3.53965 908 4
1100 2.63454 249 2
1101 3.01554 386 2
1102 3.54054 888 4
1103 2.88643 361 2
1104 2.63158 475 3
1105 3.08511 188 2
1106 4.09027 997 4
1107 2.81786 280 2
1108 3.12 650 3
1109 3.48559 451 3
1110 2.5348 273 2
1111 2.92353 170 2
1112 2.90123 162 2
1113 3 116 1
1114 2.64179 268 2
1115 2.88554 166 2
1116 1.85238 210 2
1117 2.23967 242 2
1118 1.995 200 2
1119 2.42308 182 2
1120 2.32117 274 2
1121 2.75385 195 2
1122 2.12598 127 1
1123 2.10714 56 1
1124 1.9799 199 2
1125 2.07895 114 1
1126 2.15385 91 1
1127 2.41085 129 1
1128 2.09804 51 1
1129 2.44635 233 2
1130 2.35345 116 1
1131 2.02381 42 1
1132 2.17751 169 2
1133 2.17857 112 1
1134 1.83838 99 1
1135 2.32967 91 1
1136 3.35714 70 1
1137 3.43584 826 4
1138 3.15646 914 4
1139 3.34375 672 3
1140 3.32175 1007 4
1141 3.57871 667 3
1142 2.97582 455 3
1143 2.71681 226 2
1144 3.0918 512 3
1145 3.08654 416 2
1146 2.6383 47 1
1147 2.84971 173 2
1148 2.89754 244 2
1149 3.04884 389 2
1150 2.65152 264 2
1151 2.7451 102 1
1152 3 69 1
1153 2.73381 139 1
1154 2.74803 127 1
1155 2.68844 199 2
1156 2.90458 262 2
1157 3.71394 416 2
1158 3.36973 403 2
1159 3.59524 126 1
1160 3.51648 91 1
1161 3.42805 820 4
1162 3.40084 479 3
1163 3.68161 446 2
1164 3.38416 682 3
1165 3.49644 1124 4
1166 3.23256 387 2
1167 2.99483 387 2
1168 3.49649 427 2
1169 3.10704 355 2
1170 3.442 862 4
1171 3.48558 208 2
1172 3.22114 615 3
1173 3.27143 350 2
1174 3.54711 329 2
1175 3.38067 838 4
1176 3.49412 85 1
1177 3.4455 734 3
1178 3.36389 360 2
1179 3.42553 705 3
1180 3.16547 139 1
1181 3.44491 481 3
1182 3.1 240 2
1183 3.01835 109 1
1184 2.8642 162 2
1185 3.19431 211 2
1186 3.09917 121 1
1187 3.10902 266 2
1188 2.97276 257 2
1189 3.20335 477 3
1190 3.01685 178 2
1191 2.91083 471 3
1192 3.34177 158 1
1193 3.17387 1110 4
1194 3.14286 49 1
1195 3.13242 219 2
1196 2.48387 31 1
1197 2.95028 362 2
1198 2.84146 164 2
1199 2.98305 236 2
1200 3.48252 429 2
1201 3.19716 563 3
1202 2.20833 48 1
1203 2.78906 128 1
1204 2.7551 49 1
1205 3.51471 68 1
1206 2.26582 79 1
1207 2.4589 146 1
1208 2.42361 144 1
1209 1.87193 367 2
1210 2.36747 166 2
1211 2.75887 141 1
1212 3.41315 213 2
1213 3.12821 195 2
1214 2.31429 35 1
1215 3.875 144 1
1216 3.68922 1345 5
1217 3.59242 422 2
1218 3.44074 869 4
1219 3.60826 799 3
1220 3.37935 862 4
1221 3.43287 1527 5
1222 3.8 5 1
1223 3.32432 185 2
1224 3.75 1052 4
1225 3.48387 434 2
1226 3.67613 1127 4
1227 3.26625 954 4
1228 3.5273 806 4
1229 3.27579 475 3
1230 3.22523 222 2
1231 3.56155 983 4
1232 3.29558 362 2
1233 3.2 385 2
1234 3.34615 416 2
1235 3.34667 300 2
1236 3.26898 461 3
1237 2.97608 418 2
1238 3.10731 438 2
1239 3.07715 337 2
1240 3.24008 529 3
1241 3.08455 686 3
1242 3.12391 460 3
1243 2.85764 288 2
1244 3.00379 264 2
1245 2.83217 143 1
1246 2.80714 420 2
1247 3.09367 395 2
1248 3.13793 319 2
1249 2.74545 495 3
1250 2.88991 436 2
1251 2.79699 133 1
1252 3.98969 194 2
1253 3.77847 966 4
1254 3.78571 140 1
1255 3.46064 343 2
1256 3.43556 225 2
1257 3.60952 105 1
1258 3.81728 301 2
1259 3.60345 232 2
1260 4.0531 226 2
1261 3.70139 288 2
1262 3.65517 87 1
1263 3.68421 57 1
1264 3.4144 514 3
1265 3.825 160 1
1266 3.47642 212 2
1267 3.91383 882 4
1268 3.38889 180 2
1269 3.34389 221 2
1270 3.22034 59 1
1271 2.78241 216 2
1272 2.10417 96 1
1273 3.55807 353 2
1274 3.27368 190 2
1275 3.2 10 1
1276 4.08824 102 1
1277 3.58824 34 1
1278 3.91304 23 1
1279 3.80556 36 1
1280 2.68571 35 1
1281 3.22346 179 2
1282 3.6875 256 2
1283 3.37143 175 2
1284 3.21905 630 3
1285 3.11111 9 1
1286 2.65359 153 1
1287 2.508 500 3
1288 3.73743 358 2
1289 2.57642 458 3
1290 2.92118 203 2
1291 2.78778 311 2
1292 3.05405 74 1
1293 3.61176 85 1
1294 3.51899 316 2
1295 2.66337 101 1
1296 2.23894 565 3
1297 2.64539 141 1
1298 2.08333 48 1
1299 2.1791 134 1
1300 3.43046 151 1
1301 1.93548 155 1
1302 2.51852 81 1
1303 3.75652 1035 4
1304 1.75824 91 1
1305 3.94148 786 3
1306 3.83333 318 2
1307 3.49206 126 1
1308 3.48276 29 1
1309 3.48826 213 2
1310 3.48513 874 4
1311 3.92862 1373 5
1312 3.9312 1061 4
1313 3.55839 274 2
1314 3.49351 154 1
1315 4.16304 92 1
1316 3.44569 626 3
1317 3.60738 298 2
1318 3.33671 395 2
1319 3.20192 104 1
1320 3.34921 378 2
1321 3.6 280 2
1322 3.16817 666 3
1323 3.60755 530 3
1324 3.72917 48 1
1325 3.03817 131 1
1326 2.71171 111 1
1327 2.18456 298 2
1328 3.16265 166 2
1329 3.48372 645 3
1330 3.88276 145 1
1331 3.2381 273 2
1332 3.37143 70 1
1333 3.58696 276 2
1334 3.29587 605 3
1335 3.5044 341 2
1336 4.03342 389 2
1337 2.87037 54 1
1338 3.9932 147 1
1339 3.52353 170 2
1340 3.66165 266 2
1341 3.48844 346 2
1342 3.82294 497 3
1343 3.50376 133 1
1344 3.87209 172 2
1345 4.18889 90 1
1346 3.95604 91 1
1347 3.71071 719 3
1348 3.43023 86 1
1349 2.82072 251 2
1350 3.58596 285 2
1351 3.42818 362 2
1352 3.75602 623 3
1353 3.6831 284 2
1354 2.29412 51 1
1355 3.48697 499 3
1356 3.18919 407 2
1357 3.75 100 1
1358 3.50565 354 2
1359 3.31034 29 1
1360 3.2029 69 1
1361 3.42654 912 4
1362 3.64912 285 2
1363 3.44571 175 2
1364 3.64083 387 2
1365 3.34 50 1
1366 3.52727 55 1
1367 3.61429 280 2
1368 3.69106 369 2
1369 3.80607 593 3
1370 3.27381 84 1
1371 3.54194 751 3
1372 3.41785 493 3
1373 3.38043 276 2
1374 3.70261 575 3
1375 3.04 475 3
1376 3.26744 172 2
1377 2.91837 49 1
1378 3.56728 379 2
1379 3.4739 249 2
1380 3.6087 345 2
1381 4.04082 49 1
1382 3.35252 278 2
1383 3.37681 69 1
1384 3.15854 82 1
1385 2.83636 55 1
1386 3.47962 319 2
1387 3.32816 451 3
1388 3.2381 105 1
1389 3.79326 682 3
1390 3.4209 354 2
1391 3.09315 365 2
1392 3.65385 52 1
1393 3.76147 218 2
1394 3.82635 167 2
1395 3.7194 335 2
1396 4.14719 462 3
1397 3.35789 380 2
1398 3.62029 345 2
1399 3.39535 43 1
1400 3.15644 326 2
1401 3.62069 58 1
1402 3.07595 79 1
1403 2.65909 88 1
1404 3.47279 294 2
1405 2.57534 146 1
1406 3.54202 238 2
1407 3.74344 343 2
1408 3.20468 171 2
1409 3.36735 49 1
1410 3.56364 110 1
1411 3.2807 228 2
1412 3.84483 58 1
1413 3.07576 66 1
1414 3.64344 244 2
1415 3.19189 641 3
1416 3.12629 483 3
1417 2.90713 463 3
1418 3.32414 145 1
1419 3.57143 35 1
1420 3.74737 95 1
1421 3.38462 39 1
1422 3.08727 275 2
1423 2.92727 220 2
1424 2.606 533 3
1425 3.15108 417 2
1426 3.60294 136 1
1427 3.54018 224 2
1428 2.51076 511 3
1429 2.73568 227 2
1430 2.94521 365 2
1431 2.84358 358 2
1432 2.34783 161 1
1433 2.83333 312 2
1434 1.72727 77 1
1435 2.11321 106 1
1436 2.47222 216 2
1437 2.84946 186 2
1438 2.10619 113 1
1439 1.46154 26 1
1440 2.20062 324 2
1441 2.05051 198 2
1442 1.05882 17 1
1443 3.08304 289 2
1444 1.93631 157 1
1445 2.58427 89 1
1446 2.75 8 1
1447 2.925 40 1
1448 3.88328 317 2
1449 4.11745 1473 5
1450 3.91864 590 3
1451 3.59432 599 3
1452 3.8747 838 4
1453 4.00272 368 2
1454 3.92727 110 1
1455 4.27039 233 2
1456 3.75238 105 1
1457 3.34911 338 2
1458 2.25743 606 3
1459 3.61555 476 3
1460 3.26066 211 2
1461 3.14972 354 2
1462 2.55319 141 1
1463 2.96216 185 2
1464 3.95797 928 4
1465 3.25781 128 1
1466 3.45833 72 1
1467 3.44386 570 3
1468 3.62115 227 2
1469 2.96364 55 1
1470 2.78862 123 1
1471 2.93103 290 2
1472 2.67532 77 1
1473 2.65401 237 2
1474 1.99653 288 2
1475 3.34314 102 1
1476 4.04748 674 3
1477 3.54985 682 3
1478 3.82979 47 1
1479 2.05109 137 1
1480 3.37874 602 3
1481 3.68062 454 3
1482 3.34673 199 2
1483 4.24021 383 2
1484 4.03955 177 2
1485 3.95238 189 2
1486 2.53571 56 1
1487 3.45229 524 3
1488 3.14429 700 3
1489 2.90625 256 2
1490 3.34091 220 2
1491 2.87618 638 3
1492 2.63134 651 3
1493 2.77953 127 1
1494 2.2005 399 2
1495 2.35443 79 1
1496 3.21289 357 2
1497 3.5625 32 1
1498 3.54874 277 2
1499 4.02312 173 2
1500 4.17866 403 2
1501 3.69712 208 2
1502 3.3299 97 1
1503 3.74689 241 2
1504 3.39216 51 1
1505 3.41815 562 3
1506 3.52369 802 3
1507 3.11775 569 3
1508 2.42697 89 1
1509 4.14783 345 2
1510 3.70545 404 2
1511 3.45741 540 3
1512 3.42289 201 2
1513 2.43043 230 2
1514 2.75728 309 2
1515 3.3 140 1
1516 2.8976 459 3
1517 2.68269 624 3
1518 2.77005 374 2
1519 2.33945 109 1
1520 2.64286 28 1
1521 4.37644 696 3
1522 3.95918 98 1
1523 3.85 300 2
1524 3.77113 485 3
1525 3.61628 258 2
1526 3.20168 238 2
1527 3.77863 131 1
1528 2.98069 259 2
1529 3.04943 263 2
1530 3.16345 673 3
1531 3.27215 158 1
1532 2.59448 471 3
1533 2.33237 346 2
1534 3.88585 1060 4
1535 2.46591 88 1
1536 3.44948 287 2
1537 3.61092 293 2
1538 4.09317 161 1
1539 3.45263 380 2
1540 3.13481 675 3
1541 3.21795 156 1
1542 3.14474 76 1
1543 3.45455 143 1
1544 3.82022 89 1
1545 3.15385 13 1
1546 3.86585 82 1
1547 4.03175 504 3
1548 3.26431 367 2
1549 2.96226 53 1
1550 3.34496 774 3
1551 4.08629 394 2
1552 4.3213 277 2
1553 3.80072 276 2
1554 4.28846 104 1
1555 4.01751 914 4
1556 3.38095 42 1
1557 3.85093 161 1
1558 3.42857 133 1
1559 3.85859 198 2
1560 3.76471 85 1
1561 2.44601 213 2
1562 3.94 100 1
1563 3.34066 91 1
1564 4.07576 132 1
1565 3.93197 882 4
1566 3.64037 431 2
1567 2.91803 61 1
1568 2.93382 272 2
1569 3.38095 294 2
1570 3.88 275 2
1571 3.8913 46 1
1572 2.91304 138 1
1573 3.51515 33 1
1574 3.29448 163 2
1575 2.47423 97 1
1576 3.13055 383 2
1577 2.53061 245 2
1578 3.69565 322 2
1579 3.18072 83 1
1580 3.07317 41 1
1581 3.75 44 1
1582 3.5303 66 1
1583 1.83036 112 1
1584 2.90741 54 1
1585 1.65772 149 1
1586 4.29904 729 3
1587 2.93939 66 1
1588 2.61538 78 1
1589 3.75083 301 2
1590 3.28099 121 1
1591 3.69136 81 1
1592 3.56061 66 1
1593 3.14865 222 2
1594 3.92 350 2
1595 3.36652 693 3
1596 3.32919 161 1
1597 3.88024 501 3
1598 3.81081 74 1
1599 3.47868 516 3
1600 3.5 666 3
1601 3.36527 167 2
1602 3.05208 96 1
1603 3.39448 616 3
1604 3.59067 193 2
1605 2.89583 96 1
1606 3.20199 302 2
1607 3.01538 130 1
1608 2.74468 235 2
1609 3.17925 212 2
1610 3.27668 506 3
1611 3.18293 82 1
1612 2.96639 238 2
1613 2.91089 303 2
1614 2.75472 265 2
1615 2.76543 81 1
1616 3.09322 118 1
1617 2.95 240 2
1618 2.93033 244 2
1619 2.89234 418 2
1620 2.33562 146 1
1621 3.24831 443 2
1622 2.57407 216 2
1623 2.375 40 1
1624 3.49189 185 2
1625 2.50394 127 1
1626 2.71642 201 2
1627 2.40933 193 2
1628 2.48072 389 2
1629 1.9637 303 2
1630 2.19231 156 1
1631 3.78829 222 2
1632 3.65217 69 1
1633 3.96053 380 2
1634 3.37157 401 2
1635 3.81696 224 2
1636 4.06849 73 1
1637 3.95593 885 4
1638 3.76062 259 2
1639 3.71795 351 2
1640 2.78571 140 1
1641 3.47872 564 3
1642 3.09091 11 1
1643 3.17323 254 2
1644 2.73733 217 2
1645 3.07424 229 2
1646 3.61277 235 2
1647 3.28962 366 2
1648 3.5913 230 2
1649 3.25291 344 2
1650 3.24242 33 1
1651 2.84259 108 1
1652 2.6 20 1
1653 2.5 20 1
1654 3.13115 61 1
1655 2.5894 151 1
1656 3.20635 63 1
1657 2.52874 174 2
1658 2.827 237 2
1659 3.25974 231 2
1660 3.17647 136 1
1661 2.84906 53 1
1662 3.50467 107 1
1663 3.11111 144 1
1664 2.93803 355 2
1665 2.73154 149 1
1666 3.22267 247 2
1667 3.22917 96 1
1668 1.82143 28 1
1669 3.18391 174 2
1670 2.73061 245 2
1671 2.25243 103 1
1672 2.58919 370 2
1673 2.20339 295 2
1674 2.64602 113 1
1675 2.1519 79 1
1676 2.6068 206 2
1677 2.27211 147 1
1678 3.11111 144 1
1679 3.22989 174 2
1680 3.51408 142 1
1681 3.13043 23 1
1682 1.94118 34 1
1683 2.44361 133 1
1684 3.97159 352 2
1685 3.56619 627 3
1686 3.17539 382 2
1687 2.62295 61 1
1688 2.65534 206 2
1689 3.01639 61 1
1690 2.5375 160 1
1691 3.71429 70 1
1692 2.30769 39 1
1693 3.34356 163 2
1694 3.34241 257 2
1695 3.10843 166 2
1696 3.36402 239 2
1697 2.94215 242 2
1698 2.85 100 1
1699 1.76596 47 1
1700 2.99394 165 2
1701 2.09524 105 1
1702 2.42073 164 2
1703 2.66667 36 1
1704 2.43558 163 2
1705 3.49721 716 3
1706 3.01613 186 2
1707 3.165 200 2
1708 3.85095 369 2
1709 2.86977 215 2
1710 2.77941 68 1
1711 3.0774 323 2
1712 3.50758 132 1
1713 4.2451 306 2
1714 3.80079 507 3
1715 3.88441 571 3
1716 3.55932 295 2
1717 3.95812 382 2
1718 3.91146 768 3
1719 3.70833 48 1
1720 4.02804 107 1
1721 3.28571 28 1
1722 2.88235 17 1
1723 3.33333 42 1
1724 3.52083 144 1
1725 4.47391 230 2
1726 2.41243 177 2
1727 2.71053 38 1
1728 2.48148 189 2
1729 3.60638 94 1
1730 3.9496 496 3
1731 2.96933 163 2
1732 2.5 2 1
1733 3.66477 176 2
1734 3.86307 241 2
1735 2.98029 558 3
1736 3.24812 133 1
1737 3.40206 194 2
1738 3.7907 43 1
1739 3.85882 85 1
1740 2.98438 128 1
1741 3.29101 189 2
1742 3.5 108 1
1743 3.27457 346 2
1744 2.84314 102 1
1745 3.8022 91 1
1746 3.29167 168 2
1747 3.54767 451 3
1748 3.52639 682 3
1749 2.67476 206 2
1750 2.86192 239 2
1751 2.86667 90 1
1752 3.58835 515 3
1753 4.15094 106 1
1754 4.00935 107 1
1755 4 31 1
1756 3.18557 291 2
1757 3.50273 183 2
1758 4.13747 451 3
1759 3.38224 259 2
1760 2.23529 153 1
1761 2.6 30 1
1762 3.14286 35 1
1763 2.13483 267 2
1764 3.31111 315 2
1765 4.19672 244 2
1766 3.14199 331 2
1767 3.65517 319 2
1768 2.79167 48 1
1769 2.94271 192 2
1770 3.19835 121 1
1771 3.1194 67 1
1772 2.96078 102 1
1773 3.47796 431 2
1774 3.24571 350 2
1775 2.7451 102 1
1776 2.94231 104 1
1777 3.57009 321 2
1778 2.34219 301 2
1779 2.5941 271 2
1780 2.68852 122 1
1781 1.92021 188 2
1782 3.94118 51 1
1783 3.82692 52 1
1784 4.40426 47 1
1785 4.25806 62 1
1786 2.66897 145 1
1787 2.76448 259 2
1788 3.15254 354 2
1789 3.34762 420 2
1790 4.21384 159 1
1791 4.44444 27 1
1792 2.48016 252 2
1793 3.33333 48 1
1794 3.36066 61 1
1795 2.6 15 1
1796 3.06667 45 1
1797 2.77419 62 1
1798 3.06535 505 3
1799 2.71186 177 2
1800 3.51136 88 1
1801 4.28638 426 2
1802 3.61111 72 1
1803 3.30435 23 1
1804 3.19697 66 1
1805 3.4557 79 1
1806 3.21839 87 1
1807 2.94595 74 1
1808 3.07273 110 1
1809 3.09945 362 2
1810 4.10526 228 2
1811 3.70968 93 1
1812 3.72619 168 2
1813 4.03 100 1
1814 4.22807 57 1
1815 3.94872 195 2
1816 3.46667 15 1
1817 3.71357 199 2
1818 3.95763 118 1
1819 2.84874 119 1
1820 2.55446 101 1
1821 2.94915 59 1
1822 3.57168 579 3
1823 3.74847 489 3
1824 2.72848 302 2
1825 3.32432 37 1
1826 3.0679 162 2
1827 3.40164 366 2
1828 3.14516 62 1
1829 3.23856 306 2
1830 3.04428 271 2
1831 3.33083 266 2
1832 3.62581 155 1
1833 3.54795 219 2
1834 3.5084 238 2
1835 2.77778 27 1
1836 2.19048 63 1
1837 3.0452 177 2
1838 2.81044 364 2
1839 3.31604 212 2
1840 3.13699 146 1
1841 2.55801 181 2
1842 3.28448 116 1
1843 3.50323 155 1
1844 3.64706 85 1
1845 3.52273 308 2
1846 3.78495 93 1
1847 3.49123 114 1
1848 3.54248 153 1
1849 3.81132 265 2
1850 3.92289 402 2
1851 3.70103 194 2
1852 3.46781 233 2
1853 3.04545 22 1
1854 3.05556 72 1
1855 3.72368 760 3
1856 3.81627 664 3
1857 3.74742 194 2
1858 3.50617 162 2
1859 3.39261 433 2
1860 2.45638 149 1
1861 3.73333 45 1
1862 3.55329 441 2
1863 3.3617 47 1
1864 3.4359 156 1
1865 3.61388 562 3
1866 2.66816 223 2
1867 3.64333 300 2
1868 2.55285 123 1
1869 2.47748 222 2
1870 3.42254 71 1
1871 3.1086 221 2
1872 3.13462 104 1
1873 2.77876 113 1
1874 3.33766 77 1
1875 3.02491 281 2
1876 2.48889 90 1
1877 2.7973 74 1
1878 3.32759 58 1
1879 2.57009 107 1
1880 2.73399 203 2
1881 2.61 100 1
1882 3.26263 99 1
1883 2.86397 272 2
1884 3.09917 121 1
1885 3.16901 71 1
1886 3.076 250 2
1887 2.82778 180 2
1888 2.21893 169 2
1889 2.82243 107 1
1890 2.33333 123 1
1891 2.89806 412 2
1892 2.76744 43 1
1893 2.86885 183 2
1894 2.685 200 2
1895 2.91111 45 1
1896 2.78014 141 1
1897 2.72254 173 2
1898 2.48045 179 2
1899 2.46667 75 1
1900 2.63095 84 1
1901 2.21053 76 1
1902 1.83582 67 1
1903 2.425 40 1
1904 2.17308 156 1
1905 1.97794 136 1
1906 1.9661 59 1
1907 2 55 1
1908 4.03361 119 1
1909 4.08824 136 1
1910 3.98113 212 2
1911 3.91463 82 1
1912 3.67532 77 1
1913 3.70395 304 2
1914 3.97561 205 2
1915 3.8764 89 1
1916 3.91209 91 1
1917 2.2963 81 1
1918 3.95968 124 1
1919 3.52985 134 1
1920 3.36747 166 2
1921 4.6087 69 1
1922 4.33939 165 2
1923 4.28369 141 1
1924 3.95699 93 1
1925 4.41071 56 1
1926 4.1931 145 1
1927 4.32086 187 2
1928 3.93333 15 1
1929 4.19403 268 2
1930 4.32407 216 2
1931 3.7037 54 1
1932 3.94366 213 2
1933 3.65789 304 2
1934 3.57143 56 1
1935 3.57143 56 1
1936 3.7551 98 1
1937 3.8843 363 2
1938 3.88281 128 1
1939 2.89474 209 2
1940 3.47442 215 2
1941 3.59864 147 1
1942 3.83594 128 1
1943 3.70476 105 1
1944 3.55556 18 1
1945 3.38125 160 1
1946 3.40541 37 1
1947 2.94531 128 1
1948 2.38667 225 2
1949 3.79032 62 1
1950 2.3625 160 1
1951 3.65079 63 1
1952 2.74545 55 1
1953 3.96269 134 1
1954 3.67901 81 1
1955 4.00559 358 2
1956 3.38095 21 1
1957 3.79381 97 1
1958 3.39394 33 1
1959 3.60204 98 1
1960 3.53704 162 2
1961 3.84211 19 1
1962 3.56989 93 1
1963 2.99454 183 2
1964 3.13529 340 2
1965 3.6875 48 1
1966 4.04965 141 1
1967 3.27778 36 1
1968 3.18235 170 2
1969 3.54144 181 2
1970 2.26667 45 1
1971 3.35976 492 3
1972 3.64497 169 2
1973 4.08081 99 1
1974 3.95868 242 2
1975 3.65812 117 1
1976 3.56983 179 2
1977 3.82222 315 2
1978 3.68878 196 2
1979 3.73684 38 1
1980 2.72 50 1
1981 3.71292 209 2
1982 3.6 20 1
1983 3.14286 63 1
1984 3.40404 99 1
1985 3.31111 135 1
1986 3.31429 70 1
1987 2.94737 95 1
1988 3.41837 98 1
1989 2.9604 101 1
1990 3.31944 72 1
1991 3.24194 62 1
1992 3.72527 182 2
1993 3.27869 61 1
1994 4 13 1
1995 3.48485 33 1
1996 3.16364 110 1
1997 2.85586 111 1
1998 3.74803 127 1
1999 2.89655 116 1
2000 3.6 35 1
2001 3.98039 51 1
2002 4.20721 111 1
2003 3.79851 134 1
2004 2.91429 35 1
2005 3.37209 43 1
2006 3.71429 42 1
2007 3.98643 221 2
2008 3.86207 29 1
2009 3.56604 53 1
2010 3.75 44 1
2011 1.75 4 1
2012 3.65161 155 1
2013 3.41549 284 2
2014 3.28571 7 1
2015 3.63441 93 1
2016 3 37 1
2017 3.07181 557 3
2018 3.51515 66 1
2019 3.46875 32 1
2020 3.63636 44 1
2021 2.27273 44 1
2022 3.45932 590 3
2023 3.88889 54 1
2024 3.04167 48 1
2025 3.7037 54 1
2026 3.3617 94 1
2027 2.12238 286 2
2028 2.57143 42 1
2029 3.2973 185 2
2030 3.26667 270 2
2031 3.25 48 1
2032 3.03361 119 1
2033 3.13475 141 1
2034 3.36752 117 1
2035 3.27233 459 3
2036 3.65584 154 1
2037 2.63158 57 1
2038 3.90909 11 1
2039 3.55814 43 1
2040 3.39024 41 1
2041 3.76471 34 1
2042 3.10714 28 1
2043 3.84872 509 3
2044 2.66667 12 1
2045 2 83 1
2046 3.42822 404 2
2047 3.86957 253 2
2048 3.92161 472 3
2049 3.41667 264 2
2050 2.59664 119 1
2051 3.19247 239 2
2052 3.06015 266 2
2053 2.50171 293 2
2054 2.88453 433 2
2055 2.91753 97 1
2056 2.45902 61 1
2057 2.06294 143 1
2058 2.03061 196 2
2059 1.91379 174 2
2060 2.28125 96 1
2061 3.75 12 1
2062 3.42857 35 1
2063 3.69565 69 1
2064 3.6 40 1
2065 3.47727 220 2
2066 2 12 1
2067 3.08081 99 1
2068 2.55294 85 1
2069 3.53704 54 1
2070 2.63317 199 2
2071 3.08995 189 2
2072 3.53333 15 1
2073 3.25 12 1
2074 2.94595 74 1
2075 3.35172 145 1
2076 3.15094 106 1
2077 3.60851 235 2
2078 3.3866 388 2
2079 3.4878 41 1
2080 3.22807 114 1
2081 2.49606 127 1
2082 3.1374 131 1
2083 3.2 70 1
2084 3.02941 34 1
2085 2.83529 170 2
2086 2.97854 233 2
2087 3.14815 81 1
2088 2.60938 64 1
2089 3.03797 79 1
2090 2.69298 228 2
2091 2.96 25 1
2092 3.09091 11 1
2093 3.12281 57 1
2094 3.52841 176 2
2095 3.10695 187 2
2096 2.61538 26 1
2097 2.94215 121 1
2098 3 12 1
2099 2.49451 91 1
2100 2.57407 54 1
2101 2.60526 114 1
2102 2.67606 71 1
2103 3.76652 227 2
2104 2.82645 121 1
2105 1.80469 128 1
2106 2.97959 49 1
2107 2.5625 32 1
2108 3.69672 122 1
2109 3.09804 51 1
2110 3.40534 861 4
2111 2.52941 34 1
2112 2.99291 141 1
2113 3 4 1
2114 3.77778 9 1
2115 3.84884 172 2
2116 3.59524 168 2
2117 3.73016 63 1
2118 3.62338 77 1
2119 3.59016 122 1
2120 2.87097 248 2
2121 2.76923 247 2
2122 3 50 1
2123 3.28235 85 1
2124 3.50329 304 2
2125 3.17241 116 1
2126 3.25203 123 1
2127 2.87584 298 2
2128 3.94681 94 1
2129 3.12644 87 1
2130 3.38095 231 2
2131 2.875 168 2
2132 3.90977 133 1
2133 3.3662 71 1
2134 2.30952 42 1
2135 1.85714 105 1
2136 3.56034 232 2
2137 3.12903 93 1
2138 1.3617 47 1
2139 2.1814 215 2
2140 1.9899 99 1
2141 2.14583 48 1
2142 2.26316 38 1
2143 2.75221 339 2
2144 2.44 50 1
2145 2.89362 94 1
2146 3.05419 203 2
2147 2.22449 147 1
2148 2.05069 217 2
2149 1.66667 33 1
2150 3.4 25 1
2151 2.85393 178 2
2152 3.21956 542 3
2153 2.76364 55 1
2154 1 3 1
2155 3.87805 82 1
2156 3 30 1
2157 3.66667 66 1
2158 3.73832 107 1
2159 3.13889 360 2
2160 2.79121 91 1
2161 3.35165 91 1
2162 3.19231 52 1
2163 4 2 1
2164 3.1 10 1
2165 2.62069 58 1
2166 3.33846 65 1
2167 3.5 80 1
2168 3.88889 45 1
2169 3.5 52 1
2170 3.72414 58 1
2171 2.5625 144 1
2172 3.63415 82 1
2173 3.09524 21 1
2174 3.67073 82 1
2175 3.40741 54 1
2176 2 2 1
2177 3.7931 29 1
2178 2.46154 13 1
2179 3.10526 152 1
2180 3 5 1
2181 3.24 25 1
2182 4.22727 132 1
2183 1.89189 37 1
2184 3.32308 65 1
2185 3.21212 33 1
2186 3.07547 53 1
2187 2.54658 161 1
2188 2 22 1
2189 2.77419 62 1
2190 2.66667 33 1
2191 2.83333 36 1
2192 3.24731 93 1
2193 2.87179 39 1
2194 2.625 8 1
2195 2.92157 51 1
2196 3.5625 64 1
2197 3.76119 134 1
2198 3.14634 82 1
2199 3.4 25 1
2200 2.10748 214 2
2201 2.79592 49 1
2202 4.01356 295 2
2203 3.84756 328 2
2204 1.78571 42 1
2205 3.81818 55 1
2206 3.04545 22 1
2207 3.63889 108 1
2208 3.12621 103 1
2209 3.41667 48 1
2210 4.14286 28 1
2211 3.26715 277 2
2212 2.40506 79 1
2213 2.35938 64 1
2214 2.76804 194 2
2215 1.64179 67 1
2216 3.10606 66 1
2217 1.68966 58 1
2218 2.6 10 1
2219 3.18 50 1
2220 2.64706 17 1
2221 2.42857 77 1
2222 2.30159 63 1
2223 2.65574 61 1
2224 2.22581 93 1
2225 3.4581 179 2
2226 3.66667 30 1
2227 3.94083 169 2
2228 3.82609 23 1
2229 3.78788 33 1
2230 3.93846 65 1
2231 4.06667 90 1
2232 3.45833 24 1
2233 4.25 28 1
2234 3.85965 114 1
2235 3.41176 17 1
2236 4 5 1
2237 4 1 1
2238 3.38462 130 1
2239 3.40244 164 2
2240 2.77206 136 1
2241 3.67105 76 1
2242 3.05 20 1
2243 3.48544 103 1
2244 2.65556 90 1
2245 2.93 100 1
2246 3.55357 56 1
2247 3.03205 156 1
2248 2.87903 124 1
2249 3.78261 23 1
2250 2.76316 190 2
2251 3.05882 68 1
2252 2.20833 48 1
2253 1.61111 342 2
2254 3.3617 94 1
2255 3.25 176 2
2256 3.35907 259 2
2257 4.2027 74 1
2258 3.28571 7 1
2259 3.7619 21 1
2260 4.04478 67 1
2261 2.71111 45 1
2262 3.55 40 1
2263 2.7619 42 1
2264 3.73333 30 1
2265 3.98765 81 1
2266 4 23 1
2267 2.75758 33 1
2268 3.97619 84 1
2269 3.54545 11 1
2270 3.22222 9 1
2271 3.90909 33 1
2272 2.16667 6 1
2273 3.17391 46 1
2274 4.05682 88 1
2275 3.24603 126 1
2276 3.49123 57 1
2277 3.61957 92 1
2278 3.00741 135 1
2279 4 93 1
2280 3.58333 24 1
2281 4.05291 189 2
2282 3 2 1
2283 3.10976 82 1
2284 3.24 25 1
2285 3.84395 314 2
2286 2.71429 14 1
2287 3.41379 29 1
2288 3.9 10 1
2289 3.37795 127 1
2290 3.7 20 1
2291 1.68182 22 1
2292 2.36735 147 1
2293 1.84444 45 1
2294 3.13445 119 1
2295 3.9697 33 1
2296 3.32727 55 1
2297 3.48673 113 1
2298 2.67692 65 1
2299 3.21739 23 1
2300 3.24324 37 1
2301 3.28947 38 1
2302 3.60891 202 2
2303 2.29008 131 1
2304 2.9 30 1
2305 3.46667 195 2
2306 3.37037 54 1
2307 3.02041 49 1
2308 3.80625 160 1
2309 3.16667 60 1
2310 3.20245 163 2
2311 3.5 82 1
2312 3.20202 198 2
2313 3.74419 43 1
2314 2.88095 42 1
2315 4.08824 68 1
2316 2.77778 18 1
2317 2.78151 119 1
2318 3.34615 26 1
2319 2.84466 103 1
2320 2.62338 77 1
2321 3.02083 48 1
2322 2.81203 133 1
2323 3.05 20 1
2324 2.75 40 1
2325 2.15094 53 1
2326 2.4375 112 1
2327 2.51064 47 1
2328 4 4 1
2329 2.22517 151 1
2330 2.17949 78 1
2331 2.625 152 1
2332 2.70455 44 1
2333 2.70423 71 1
2334 2.75385 65 1
2335 2.44961 129 1
2336 2.625 8 1
2337 2.5375 80 1
2338 2.48387 31 1
2339 1.76991 113 1
2340 2.89231 65 1
2341 2.05102 98 1
2342 2.26471 34 1
2343 2.86111 36 1
2344 2.64706 17 1
2345 1.46667 15 1
2346 3.72059 68 1
2347 3.68571 35 1
2348 3.57692 26 1
2349 2.76817 289 2
2350 3.19424 139 1
2351 2.5 6 1
2352 2.65 60 1
2353 3.75883 821 4
2354 1.69863 73 1
2355 3.27586 87 1
2356 2.67059 85 1
2357 2.26389 72 1
2358 3.32143 28 1
2359 2.83333 42 1
2360 2.6129 62 1
2361 3.33784 74 1
2362 2.47692 130 1
2363 2.57143 105 1
2364 2.72464 207 2
2365 4.22727 88 1
2366 4.05405 37 1
2367 3.34783 23 1
2368 3.72727 33 1
2369 3.55556 54 1
2370 3.17391 46 1
2371 3.58163 98 1
2372 2.98765 162 2
2373 3.95556 45 1
2374 3.60181 221 2
2375 3.34722 72 1
2376 3.26 50 1
2377 3.10286 175 2
2378 3 71 1
2379 4.09756 41 1
2380 3.85417 48 1
2381 3.04167 144 1
2382 2.13725 51 1
2383 3.17188 128 1
2384 2.87778 90 1
2385 2.70588 204 2
2386 3.95161 62 1
2387 2.98148 54 1
2388 3.37864 103 1
2389 3.45455 11 1
2390 2.85106 94 1
2391 3.09524 42 1
2392 3.14634 41 1
2393 3.47191 89 1
2394 3.45536 112 1
2395 2.65686 102 1
2396 3.2037 54 1
2397 3.4 15 1
2398 3.29114 79 1
2399 2.93548 62 1
2400 3.47727 44 1
2401 4.16393 61 1
2402 3.21429 28 1
2403 3.19048 21 1
2404 3.08333 24 1
2405 2.49275 69 1
2406 2.72857 140 1
2407 3.87805 41 1
2408 1.925 160 1
2409 3.66197 71 1
2410 2.66667 33 1
2411 2.67143 210 2
2412 3.46341 164 2
2413 2.5 62 1
2414 2.625 64 1
2415 1.55385 65 1
2416 2.55 20 1
2417 2.92 25 1
2418 2.77 100 1
2419 1.78212 179 2
2420 3.25287 87 1
2421 3.78571 14 1
2422 3.77778 9 1
2423 2.77778 90 1
2424 3.68421 38 1
2425 2.53571 84 1
2426 3.24324 37 1
2427 3.48276 29 1
2428 1.6129 93 1
2429 1.31818 44 1
2430 1.28571 7 1
2431 1.64 125 1
2432 2.04255 47 1
2433 2.21481 135 1
2434 3.54701 117 1
2435 2.72593 135 1
2436 2.53846 104 1
2437 2.83085 201 2
2438 2.08 75 1
2439 3.31034 87 1
2440 3.57143 14 1
2441 3.10526 57 1
2442 3.45 20 1
2443 3.51515 33 1
2444 2.73438 64 1
2445 2.06061 66 1
2446 2.22857 175 2
2447 3.74731 186 2
2448 2.91892 74 1
2449 2.59036 83 1
2450 3.04839 62 1
2451 1.78846 52 1
2452 1.68421 19 1
2453 2.10526 38 1
2454 2.11278 133 1
2455 1.83333 54 1
2456 1.89691 97 1
2457 2.36066 183 2
2458 3.37209 43 1
2459 1.86486 148 1
2460 3.60331 121 1
2461 3.78571 84 1
2462 3.74194 31 1
2463 3.44444 27 1
2464 2.68085 94 1
2465 2.92857 14 1
2466 3 2 1
2467 3.4 10 1
2468 3.83333 6 1
2469 2 2 1
2470 3.83333 84 1
2471 3.25 12 1
2472 5 1 1
2473 3.65 100 1
2474 2.65517 29 1
2475 3.45455 55 1
2476 2.20833 48 1
2477 3.26531 49 1
2478 2.18182 11 1
2479 3.57143 14 1
2480 2.8125 32 1
2481 4.10603 1924 6
2482 2.84783 92 1
2483 2.21311 122 1
2484 3.92308 13 1
2485 3.8125 16 1
2486 3.34615 234 2
2487 3.175 40 1
2488 3.19048 63 1
2489 1.76667 150 1
2490 1.71875 32 1
2491 2.5 12 1
2492 2.97345 113 1
2493 2.60759 79 1
2494 1.725 40 1
2495 3 14 1
2496 2.9 40 1
2497 2.86905 84 1
2498 4 5 1
2499 2.53846 52 1
2500 2.6875 64 1
2501 2.33333 51 1
2502 1.73684 38 1
2503 1.81667 60 1
2504 3.7541 61 1
2505 3.6875 32 1
2506 3.6311 328 2
2507 3.10638 47 1
2508 3.4 10 1
2509 3.58904 73 1
2510 3.76923 13 1
2511 3.5122 41 1
2512 3.25 52 1
2513 3 50 1
2514 3.21687 83 1
2515 2.30952 42 1
2516 2.97321 112 1
2517 3.16 25 1
2518 2.29545 176 2
2519 3.59184 49 1
2520 3.45946 37 1
2521 3.81395 86 1
2522 3.0625 16 1
2523 3.33333 63 1
2524 2.72868 129 1
2525 3.0119 168 2
2526 2.64341 129 1
2527 2.54745 137 1
2528 3.43554 287 2
2529 3.64286 14 1
2530 2.63636 33 1
2531 2.74468 47 1
2532 2.88398 181 2
2533 2.78125 32 1
2534 2.48529 68 1
2535 3.45378 119 1
2536 3.2673 419 2
2537 1.66667 3 1
2538 2.53333 60 1
2539 3.37127 369 2
2540 3.32353 34 1
2541 3.06897 29 1
2542 2.72973 37 1
2543 3.26087 92 1
2544 2.85556 180 2
2545 2.67692 130 1
2546 1.55 40 1
2547 2.75676 37 1
2548 2.78947 19 1
2549 3.60465 43 1
2550 3.08 25 1
2551 2.95 20 1
2552 2.35211 71 1
2553 2.94118 17 1
2554 2.41667 72 1
2555 1.55556 99 1
2556 3.21875 32 1
2557 3.41379 29 1
2558 3.69697 33 1
2559 3.70161 124 1
2560 2.89286 28 1
2561 3.77273 44 1
2562 3.3299 97 1
2563 3.16364 55 1
2564 3.21875 64 1
2565 2.85714 126 1
2566 3.21875 32 1
2567 3.1875 32 1
2568 2.02778 72 1
2569 3.75532 94 1
2570 3.5 8 1
2571 3.83333 36 1
2572 3.21053 19 1
2573 2.975 120 1
2574 3.30233 43 1
2575 2.95652 69 1
2576 2.45 20 1
2577 2.69231 52 1
2578 3.37615 109 1
2579 3.3 30 1
2580 2.22857 105 1
2581 2.53846 39 1
2582 2.96296 27 1
2583 2.71942 139 1
2584 3.63107 103 1
2585 3 67 1
2586 2.65248 141 1
2587 3.17241 116 1
2588 3.33758 157 1
2589 2.46154 52 1
2590 2.23596 89 1
2591 2.55 20 1
2592 3.57143 14 1
2593 3.46875 32 1
2594 3.73333 15 1
2595 3.625 8 1
2596 3.66667 30 1
2597 4.17391 23 1
2598 3.4 35 1
2599 3.85714 28 1
2600 3.03704 27 1
2601 2.8 30 1
2602 3.82192 146 1
2603 3.23529 17 1
2604 3.61538 52 1
2605 2.42857 42 1
2606 3.84615 39 1
2607 3.48 25 1
2608 3.41379 87 1
2609 3.03846 26 1
2610 2.55172 145 1
2611 3.39286 28 1
2612 3.54237 59 1
2613 2.25 20 1
2614 3.55882 34 1
2615 3.14474 76 1
2616 3.07895 38 1
2617 3.26 50 1
2618 2.71186 59 1
2619 2.6 75 1
2620 3.28571 35 1
2621 3.525 120 1
2622 2.825 40 1
2623 3.33333 30 1
2624 3.95833 24 1
2625 3.61871 139 1
2626 2.51471 68 1
2627 3.66667 24 1
2628 2.44444 27 1
2629 2.31373 51 1
2630 1.92308 13 1
2631 2.42105 38 1
2632 2.63158 38 1
2633 2 17 1
2634 3.32 25 1
2635 3.13445 119 1
2636 2.49107 112 1
2637 2.8125 64 1
2638 2.5641 39 1
2639 1.95833 24 1
2640 2.34783 46 1
2641 2.20833 24 1
2642 3.22388 67 1
2643 2.30864 81 1
2644 2.21622 37 1
2645 1.46667 120 1
2646 2.57143 42 1
2647 3.07353 68 1
2648 3.09524 21 1
2649 2.84615 52 1
2650 2 2 1
2651 3.23214 56 1
2652 1.53125 32 1
2653 2.65116 43 1
2654 2.5814 43 1
2655 3.432 125 1
2656 2.67857 28 1
2657 2.45833 24 1
2658 2 2 1
2659 2.88889 9 1
2660 2.26316 19 1
2661 2.1 10 1
2662 2.59091 66 1
2663 4 27 1
2664 2.11111 9 1
2665 1 1 1
2666 3.19318 88 1
2667 3.15596 109 1
2668 3.275 40 1
2669 3.01075 93 1
2670 2.65 20 1
2671 3.36538 104 1
2672 3.23913 46 1
2673 2.83333 6 1
2674 2.66667 6 1
2675 3 18 1
2676 2.72 75 1
2677 3.28947 76 1
2678 2.40476 42 1
2679 3.4 20 1
2680 3.0625 128 1
2681 2.76829 82 1
2682 3.37171 304 2
2683 3.51389 72 1
2684 3.3871 31 1
2685 3.76699 103 1
2686 3.10714 28 1
2687 2 4 1
2688 3.41206 398 2
2689 3.7561 41 1
2690 3.92683 41 1
2691 3.18182 22 1
2692 2.68421 19 1
2693 3.62907 461 3
2694 4.25455 165 2
2695 3.27027 74 1
2696 3.05882 17 1
2697 3.69231 13 1
2698 3.6 20 1
2699 3.45 60 1
2700 3.5 2 1
2701 1.65217 23 1
2702 1.84 25 1
2703 2.09677 62 1
2704 3.0622 209 2
2705 3.09524 42 1
2706 3.27273 44 1
2707 3 26 1
2708 2.74468 47 1
2709 1.6 10 1
2710 3.1791 67 1
2711 3.6 5 1
2712 3.56627 83 1
2713 2.93443 61 1
2714 2.86047 43 1
2715 2.375 24 1
2716 2.6 20 1
2717 1.5 8 1
2718 3.46176 353 2
2719 3.19172 652 3
2720 3.60575 487 3
2721 1.93182 44 1
2722 3.51515 33 1
2723 1.37209 43 1
2724 2.5 30 1
2725 3.43137 51 1
2726 2.06034 116 1
2727 1.71429 21 1
2728 3.73684 95 1
2729 1.60345 58 1
2730 2.45 20 1
2731 3.63462 52 1
2732 2.68944 161 1
2733 3.65487 791 3
2734 3.02703 37 1
2735 2.60119 168 2
2736 3.43564 101 1
2737 3.41584 101 1
2738 3.16129 62 1
2739 3.27273 11 1
2740 3.1875 192 2
2741 3.41026 39 1
2742 1.14286 7 1
2743 4.18909 275 2
2744 3.61111 18 1
2745 3.20588 34 1
2746 3 2 1
2747 3.74324 74 1
2748 3.3022 182 2
2749 2.09091 44 1
2750 2.54902 51 1
2751 1.6875 16 1
2752 1.83333 12 1
2753 2.48315 89 1
2754 3.32432 37 1
2755 3.71166 163 2
2756 4.32609 92 1
2757 2.77778 9 1
2758 3.35294 17 1
2759 2.04762 21 1
2760 2.52174 23 1
2761 3.6 5 1
2762 3.1 30 1
2763 2.66667 3 1
2764 3.27273 33 1
2765 3.19573 1313 5
2766 3.94286 35 1
2767 3.07143 14 1
2768 2.23636 55 1
2769 3.66667 57 1
2770 3.66667 6 1
2771 3.30137 73 1
2772 3.48387 31 1
2773 2.53333 15 1
2774 3.44444 18 1
2775 2.24242 33 1
2776 2.91304 23 1
2777 3.1875 16 1
2778 3.84 50 1
2779 1.85714 7 1
2780 3.35714 28 1
2781 2.6 5 1
2782 3.37931 29 1
2783 3.37931 29 1
2784 3.73333 15 1
2785 3.44444 9 1
2786 2.57143 7 1
2787 2.85714 21 1
2788 4.25 12 1
2789 4 2 1
2790 3.18182 22 1
2791 3.30556 36 1
2792 2.87097 31 1
2793 2.61111 18 1
2794 4.75 8 1
2795 2.88889 54 1
2796 3.63333 30 1
2797 3.55556 18 1
2798 2.82143 28 1
2799 2.14907 161 1
2800 3.53846 52 1
2801 3.91573 356 2
2802 3.21739 345 2
2803 2.69231 26 1
2804 3.3743 358 2
2805 4.04736 1119 4
2806 4.21815 628 3
2807 2.375 24 1
2808 3.63291 79 1
2809 2.15385 13 1
2810 3.46 50 1
2811 1.91667 12 1
2812 3.23014 365 2
2813 3.46734 199 2
2814 4.33333 12 1
2815 3.1662 722 3
2816 3.66417 1066 4
2817 2.53968 63 1
2818 3.16949 295 2
2819 2.86781 643 3
2820 3.40402 448 3
2821 3.96414 502 3
2822 3.91692 325 2
2823 3.25424 413 2
2824 2.98127 267 2
2825 3.67408 1034 4
2826 3.59266 545 3
2827 2.73451 339 2
2828 3.19863 730 3
2829 3.58537 246 2
2830 3.72727 11 1
2831 2.8 25 1
2832 3.69048 210 2
2833 3.22421 504 3
2834 3.95 20 1
2835 2.04255 141 1
2836 2.04098 122 1
2837 3.71429 35 1
2838 3.67857 28 1
2839 3.46127 865 4
2840 3.08439 237 2
2841 3.82657 271 2
2842 2.6978 182 2
2843 3.86957 23 1
2844 3.51111 45 1
2845 3.25 20 1
2846 4 3 1
2847 3.87755 49 1
2848 3.21212 33 1
2849 3.55172 29 1
2850 3.07692 13 1
2851 3.72222 36 1
2852 2.15385 13 1
2853 3.4 35 1
2854 2.78571 14 1
2855 3.47368 19 1
2856 2 2 1
2857 2.5 8 1
2858 3.21053 19 1
2859 2.71429 7 1
2860 2.85987 157 1
2861 3.47664 107 1
2862 3.79195 149 1
2863 2.58421 380 2
2864 2.38028 71 1
2865 3.2 5 1
2866 3.15625 32 1
2867 3.55556 36 1
2868 2.66667 3 1
2869 3.6 40 1
2870 3.74118 85 1
2871 3.75556 90 1
2872 3.25 8 1
2873 2.67857 28 1
2874 3.88889 45 1
2875 3.85714 35 1
2876 2.96795 156 1
2877 3.31034 58 1
2878 4.12195 41 1
2879 3.18182 22 1
2880 3.25 8 1
2881 3 13 1
2882 3.08108 37 1
2883 2 9 1
2884 2.88889 18 1
2885 2.56098 41 1
2886 2.59259 27 1
2887 3.66667 6 1
2888 3 58 1
2889 3.29167 24 1
2890 2.92308 13 1
2891 3.77778 18 1
2892 3.4 10 1
2893 3.41667 24 1
2894 3.64706 17 1
2895 3.625 8 1
2896 4 7 1
2897 3.93617 47 1
2898 2.59574 47 1
2899 2.98113 53 1
2900 2.20732 82 1
2901 2.32258 31 1
2902 3.76471 17 1
2903 4 20 1
2904 3.5 12 1
2905 3.30864 81 1
2906 3.75 4 1
2907 2.57143 42 1
2908 2.6 30 1
2909 3.39024 82 1
2910 4.27419 62 1
2911 3.21429 14 1
2912 2.2931 58 1
2913 2.92593 27 1
2914 2.45455 88 1
2915 3.4 10 1
2916 3.52632 19 1
2917 3.17647 17 1
2918 3.75 16 1
2919 3.38462 13 1
2920 3.92 25 1
2921 3 2 1
2922 3.77778 9 1
2923 3.18182 11 1
2924 3.66667 21 1
2925 2.25405 185 2
2926 3.41438 584 3
2927 3.71795 195 2
2928 4.24945 453 3
2929 3.39535 43 1
2930 2.98592 71 1
2931 2.37313 67 1
2932 3.83737 289 2
2933 3.49123 57 1
2934 3.41441 222 2
2935 3.98182 495 3
2936 3.45455 77 1
2937 3.3 10 1
2938 3.33333 6 1
2939 3.52381 21 1
2940 3.09091 11 1
2941 3.58824 17 1
2942 3.31818 22 1
2943 3.2 5 1
2944 3.25 4 1
2945 3.875 24 1
2946 3.97009 234 2
2947 3.72862 269 2
2948 1.86207 58 1
2949 1.68519 54 1
2950 2.38938 113 1
2951 3.58333 12 1
2952 3.57143 28 1
2953 3.92857 28 1
2954 3.95946 148 1
2955 2.59375 32 1
2956 3.93333 30 1
2957 3.5 10 1
2958 4 1 1
2959 4.07884 241 2
2960 3.42308 52 1
2961 2.83333 24 1
2962 3.65217 69 1
2963 2.9 40 1
2964 4.35714 14 1
2965 3.42857 14 1
2966 3.85 20 1
2967 2.51724 29 1
2968 3.04 25 1
2969 3.79487 39 1
2970 3.36 25 1
2971 1.85714 7 1
2972 3.14286 7 1
2973 3.29412 17 1
2974 2.67742 31 1
2975 3 13 1
2976 2.6 20 1
2977 3.52381 21 1
2978 3.75 4 1
2979 3.27273 11 1
2980 2.56757 37 1
2981 2.69767 43 1
2982 3.73913 23 1
2983 2.83333 36 1
2984 1.85484 62 1
2985 2.44444 180 2
2986 4 4 1
2987 3 1 1
2988 2.77612 67 1
2989 1.9 10 1
2990 3.81481 27 1
2991 3.13636 66 1
2992 1.73077 26 1
2993 2.09783 92 1
2994 3 1 1
2995 2.5 4 1
2996 3.15385 26 1
2997 2.66667 9 1
2998 3.21053 38 1
2999 2.55385 65 1
3000 3.18182 11 1
3001 3.70946 148 1
3002 2.46939 49 1
3003 3.09524 21 1
3004 3.88889 9 1
3005 2.55172 29 1
3006 3.07143 112 1
3007 2.92308 13 1
3008 2.28571 42 1
3009 2.48333 60 1
3010 2.61538 13 1
3011 2.73684 19 1
3012 2.8 10 1
3013 2.97432 584 3
3014 1.91429 35 1
3015 3.66667 6 1
3016 3 12 1
3017 3.83333 36 1
3018 3.78 50 1
3019 3.63636 11 1
3020 3.24228 421 2
3021 2.71429 7 1
3022 1 1 1
3023 2.875 8 1
3024 3.25 4 1
3025 4.18182 11 1
3026 3 1 1
3027 5 1 1
3028 3 2 1
3029 3.6 35 1
3030 2.77273 22 1
3031 3.4 5 1
3032 4 1 1
3033 2.68421 19 1
3034 3.44444 9 1
3035 3.57143 98 1
3036 4 2 1
3037 3.65517 29 1
3038 3.75 4 1
3039 3.975 40 1
3040 3.7619 21 1
3041 1.86667 15 1
3042 3.53125 32 1
3043 3.66667 21 1
3044 2.75 28 1
3045 5 1 1
3046 3.66667 6 1
3047 3.41667 12 1
3048 3.5 10 1
3049 2.33333 3 1
3050 3.02222 45 1
3051 3.38095 21 1
3052 3.90909 22 1
3053 3.32353 34 1
3054 3.33962 53 1
3055 3.44444 9 1
3056 4 3 1
3057 2.6 10 1
3058 3.38131 535 3
3059 3.07692 13 1
3060 3 5 1
3061 2.75 4 1
3062 2.46154 13 1
3063 2.49515 206 2
3064 3.57061 701 3
3065 3.25 4 1
3066 3.85507 69 1
3067 3.21622 37 1
3068 2.66667 6 1
3069 3.92857 14 1
3070 2.72727 11 1
3071 3.87961 1329 5
3072 3.5 6 1
3073 3.74516 1240 5
3074 2.64082 245 2
3075 1.64706 17 1
3076 2.58621 29 1
3077 2.72727 44 1
3078 2.53927 191 2
3079 3.39735 151 1
3080 2.81871 171 2
3081 3.78723 47 1
3082 3.48197 305 2
3083 3.65714 35 1
3084 3.33333 3 1
3085 3.47041 338 2
3086 2.75833 120 1
3087 2.3 10 1
3088 2.5974 77 1
3089 3.38421 190 2
3090 3.62222 45 1
3091 2.6 20 1
3092 2.38462 13 1
3093 3.42857 14 1
3094 3.07692 13 1
3095 4 50 1
3096 3.28571 14 1
3097 2.16049 81 1
3098 2.52941 17 1
3099 3.25 8 1
3100 3.09756 41 1
3101 3.66667 18 1
3102 1.77778 9 1
3103 3.41176 17 1
3104 3.83333 18 1
3105 2.77778 18 1
3106 2.72727 11 1
3107 3.5 4 1
3108 3 30 1
3109 1.96875 64 1
3110 1.8 10 1
3111 2.82143 28 1
3112 3 560 3
3113 3.06667 435 2
3114 3.23636 165 2
3115 3.5 2 1
3116 3.5 2 1
3117 2.18182 11 1
3118 3.80894 246 2
3119 1.5 2 1
3120 2.08654 104 1
3121 1.81132 53 1
3122 1.66667 6 1
3123 4.19872 156 1
3124 3.35143 1013 4
3125 3.55556 72 1
3126 2.5 8 1
3127 2.5 8 1
3128 3.75 16 1
3129 2.37838 37 1
3130 3.625 8 1
3131 3.2 10 1
3132 3 4 1
3133 3.5 18 1
3134 3.83333 6 1
3135 3.66667 87 1
3136 3.8 5 1
3137 3.5 16 1
3138 2.75 4 1
3139 2.2 5 1
3140 3.31148 61 1
3141 3.75 148 1
3142 2.84783 46 1
3143 3.25 20 1
3144 2.83333 6 1
3145 3.15385 39 1
3146 3.33333 12 1
3147 3.58333 12 1
3148 3.35135 37 1
3149 2.86667 15 1
3150 2.41667 24 1
3151 2.5 60 1
3152 3.27778 18 1
3153 3.70588 17 1
3154 4.25 8 1
3155 4.02979 235 2
3156 2.57143 7 1
3157 3.25714 35 1
3158 2.18919 37 1
3159 1.80769 26 1
3160 1.5 2 1
3161 1 7 1
3162 2 3 1
3163 3.125 16 1
3164 3.72 25 1
3165 3 17 1
3166 3.4 10 1
3167 3.28571 14 1
3168 3.91429 35 1
3169 3.33333 24 1
3170 3.25 4 1
3171 3.47368 19 1
3172 4.25 8 1
3173 2.5 2 1
3174 2.84615 13 1
3175 3.29412 17 1
3176 2.16667 12 1
3177 3.74074 27 1
3178 2.65217 46 1
3179 3.01142 613 3
3180 2.8 5 1
3181 2.36364 11 1
3182 2.82353 17 1
3183 2.96429 28 1
3184 3.4 10 1
3185 4.08333 24 1
3186 3.25 4 1
3187 3.57143 7 1
3188 3.42308 26 1
3189 4.3 10 1
3190 4.16667 30 1
3191 3.09091 11 1
3192 3.61538 13 1
3193 3 4 1
3194 4.5 2 1
3195 2.77778 18 1
3196 4.5 2 1
3197 3.1875 32 1
3198 2.81818 11 1
3199 3.5 2 1
3200 2.2 70 1
3201 4 1 1
3202 3.14286 14 1
3203 3.625 8 1
3204 4 2 1
3205 4.4 5 1
3206 1.8 5 1
3207 2.41667 12 1
3208 4 5 1
3209 3 8 1
3210 3.77778 9 1
3211 2.66667 3 1
3212 4 6 1
3213 2.42857 7 1
3214 2 1 1
3215 2.58333 24 1
3216 2.66667 33 1
3217 3.71739 46 1
3218 2.05 20 1
3219 1.875 8 1
3220 3.73077 26 1
3221 3.8 5 1
3222 3.24138 29 1
3223 2.9 10 1
3224 4 5 1
3225 2.75 4 1
3226 4 2 1
3227 3 9 1
3228 4.5 2 1
3229 3.21429 14 1
3230 3.55789 285 2
3231 3.25862 58 1
3232 4.02283 219 2
3233 3.3978 817 4
3234 4.10278 360 2
3235 4.02449 245 2
3236 2.5 2 1
3237 2.85714 7 1
3238 3.28916 83 1
3239 2.41776 304 2
3240 1.62 100 1
3241 3.55556 18 1
3242 4.23116 199 2
3243 3.13253 83 1
3244 2 11 1
3245 3.27358 106 1
3246 2.68182 22 1
3247 2.53488 43 1
3248 2.42857 7 1
3249 2.94737 19 1
3250 3.1875 16 1
3251 3.82065 1511 5
3252 4 2 1
3253 2.46667 15 1
3254 3.37255 51 1
3255 3.85714 63 1
3256 4.2 5 1
3257 3.40909 66 1
3258 3.75 8 1
3259 3.66667 3 1
3260 3 4 1
3261 3.33333 6 1
3262 3.6 10 1
3263 4 1 1
3264 3.13636 22 1
3265 4.3 10 1
3266 2.90476 21 1
3267 3.57143 7 1
3268 2.5 8 1
3269 1.16667 6 1
3270 3.25 8 1
3271 4 2 1
3272 3.55556 9 1
3273 2.45652 138 1
3274 3.33477 463 3
3275 1.66667 3 1
3276 1 2 1
3277 3.53333 15 1
3278 3.47917 48 1
3279 4 1 1
3280 4.02273 44 1
3281 2.25 4 1
3282 2 1 1
3283 3 1 1
3284 2.75 4 1
3285 2.75 4 1
3286 2.41667 12 1
3287 3.71429 21 1
3288 2.5 2 1
3289 4.5 2 1
3290 3.28099 121 1
3291 2.79412 34 1
3292 2.2069 29 1
3293 3.30435 23 1
3294 3.33333 3 1
3295 2.7549 306 2
3296 3.25 184 2
3297 3.28571 21 1
3298 2.82386 176 2
3299 2.70787 178 2
3300 3.90933 375 2
3301 3.59314 408 2
3302 2.54464 112 1
3303 3.14493 138 1
3304 2.85714 7 1
3305 1 1 1
3306 1 2 1
3307 2 2 1
3308 1 2 1
3309 2 3 1
3310 2 2 1
3311 2.66667 3 1
3312 1.66667 3 1
3313 4.04651 43 1
3314 3.21429 28 1
3315 3.39286 28 1
3316 3.72043 186 2
3317 3.75714 70 1
3318 3.38462 13 1
3319 2.18182 11 1
3320 3.46154 13 1
3321 2.63333 30 1
3322 2.64113 248 2
3323 2.88764 89 1
3324 2.6383 47 1
3325 1.81081 37 1
3326 3.38285 478 3
3327 3.42857 7 1
3328 3.03226 31 1
3329 2 5 1
3330 3.76316 38 1
3331 3.25 4 1
3332 2.75 8 1
3333 2.96 25 1
3334 2.61905 42 1
3335 3.41176 17 1
3336 3.26667 15 1
3337 2.53571 56 1
3338 3.1 20 1
3339 3.375 24 1
3340 3 2 1
3341 3.85714 7 1
3342 1 1 1
3343 2.05556 18 1
3344 3.22581 31 1
3345 2.33333 3 1
3346 1.33333 3 1
3347 3.5 2 1
3348 2.76119 201 2
3349 3.125 8 1
3350 2.92308 13 1
3351 3.69231 13 1
3352 1 1 1
3353 3.16667 6 1
3354 3.29412 17 1
3355 4.125 8 1
3356 3 2 1
3357 3.20833 24 1
3358 2 3 1
3359 4 2 1
3360 2.42857 7 1
3361 3.5 2 1
3362 3.06667 15 1
3363 1.88889 9 1
3364 2 1 1
3365 2.6 5 1
3366 2.42857 7 1
3367 2.53827 405 2
3368 3.47368 19 1
3369 5 2 1
3370 3.53846 13 1
3371 3.4 5 1
3372 3 2 1
3373 2.88889 9 1
3374 4 1 1
3375 2.78261 23 1
3376 2.12821 117 1
3377 2.69231 143 1
3378 3.5 2 1
3379 3.87805 82 1
3380 3.10373 241 2
3381 2.75862 29 1
3382 3.66667 6 1
3383 3.59091 66 1
3384 3.8125 16 1
3385 2 2 1
3386 3.25 4 1
3387 2.8 5 1
3388 2.4 5 1
3389 3 1 1
3390 3.16667 6 1
3391 3.85714 7 1
3392 3.66667 3 1
3393 3.44444 9 1
3394 2.5 8 1
3395 2 4 1
3396 2.5 2 1
3397 2.26316 38 1
3398 3.5 6 1
3399 3.08817 431 2
3400 3.66786 280 2
3401 3.15942 69 1
3402 2.02198 182 2
3403 4.33333 9 1
3404 3.46667 15 1
3405 3.68064 692 3
3406 3.83333 102 1
3407 3 3 1
3408 3.54545 11 1
3409 1.54545 11 1
3410 3.85714 49 1
3411 3.33333 3 1
3412 2.4 5 1
3413 3.83934 305 2
3414 3.1875 16 1
3415 1.5 2 1
3416 2.71429 7 1
3417 2.8 5 1
3418 1.66667 6 1
3419 3 4 1
3420 2.8 15 1
3421 2.66667 60 1
3422 3 1 1
3423 2 4 1
3424 3.4 5 1
3425 3.125 8 1
3426 1 2 1
3427 3 2 1
3428 3.2614 658 3
3429 2 6 1
3430 3 1 1
3431 4 2 1
3432 2.5 4 1
3433 2.88 25 1
3434 4 2 1
3435 3.25 4 1
3436 2.375 40 1
3437 3.69712 208 2
3438 3.5 18 1
3439 2.75 4 1
3440 5 1 1
3441 1.6 5 1
3442 4 4 1
3443 1 1 1
3444 4 1 1
3445 3 24 1
3446 2.83333 12 1
3447 3 40 1
3448 3.30769 13 1
3449 3 1 1
3450 2.83333 6 1
3451 2.78472 144 1
3452 3.2735 234 2
3453 2.85714 7 1
3454 2.5 2 1
3455 1.66667 6 1
3456 3 3 1
3457 3.95 40 1
3458 3 1 1
3459 3.28571 7 1
3460 3 11 1
3461 3.66667 3 1
3462 3.66667 39 1
3463 3.33333 12 1
3464 2.66667 3 1
3465 4 2 1
3466 3.23129 147 1
3467 3.53846 13 1
3468 2.71429 7 1
3469 3.5 2 1
3470 3 1 1
3471 3.5 4 1
3472 2 5 1
3473 3.375 8 1
3474 3.33333 3 1
3475 3.26923 26 1
3476 2.66667 9 1
3477 1.66667 3 1
3478 3.27273 11 1
3479 4.22636 994 4
3480 3.50268 559 3
3481 2.41481 135 1
3482 3.85484 124 1
3483 3.36111 180 2
3484 3.58046 348 2
3485 3.72321 112 1
3486 2.94074 135 1
3487 1.92593 27 1
3488 1.96154 26 1
3489 1.73333 15 1
3490 2.04545 22 1
3491 1.78571 28 1
3492 2.18478 92 1
3493 3.11111 279 2
3494 2.8024 167 2
3495 2.22989 87 1
3496 2.6383 47 1
3497 2.58974 39 1
3498 3.25561 223 2
3499 2.65094 106 1
3500 3.71212 66 1
3501 3.5 52 1
3502 2.34043 94 1
3503 3.82 200 2
3504 3.51181 127 1
3505 3.75 232 2
3506 3.9932 147 1
3507 3.31844 179 2
3508 2.73333 45 1
3509 1.92857 14 1
3510 3.44175 206 2
3511 2.57692 104 1
3512 2.75 4 1
3513 2.03704 27 1
3514 2.68116 69 1
3515 3.5 2 1
3516 3.92449 437 2
3517 1 1 1
3518 3.6 5 1
3519 4 1 1
3520 4.07306 657 3
3521 3.19048 21 1
3522 3.32857 70 1
3523 3.63573 862 4
3524 2.73333 15 1
3525 3.47273 55 1
3526 3.66667 3 1
3527 3.11538 26 1
3528 2.90625 32 1
3529 3.23077 13 1
3530 2.47619 21 1
3531 3.78093 388 2
3532 2.83333 12 1
3533 3.5 2 1
3534 2.92308 26 1
3535 4.5 2 1
3536 2.26 100 1
3537 4 2 1
3538 3 4 1
3539 2.4 5 1
3540 3.03571 28 1
3541 1.48837 43 1
3542 3.05208 96 1
3543 5 3 1
3544 3.65 20 1
3545 5 1 1
3546 3 23 1
3547 5 1 1
3548 2.25 16 1
3549 3 2 1
3550 3.22078 77 1
3551 4.11513 304 2
3552 4 4 1
3553 2.625 8 1
3554 3.125 24 1
3555 2 2 1
3556 2.25 4 1
3557 4 1 1
3558 3.66667 54 1
3559 3 1 1
3560 1 1 1
3561 2 4 1
3562 2.5 2 1
3563 4 1 1
3564 4 1 1
3565 3 4 1
3566 2.11111 9 1
3567 2 1 1
3568 2 1 1
3569 1.71429 7 1
3570 2.78788 33 1
3571 3.5 8 1
3572 3 1 1
3573 3 3 1
3574 3.5 2 1
3575 3.9 40 1
3576 3 5 1
3577 5 1 1
3578 3 3 1
3579 2 1 1
3580 3.5 2 1
3581 3.57143 7 1
3582 3.25 4 1
3583 4 1 1
3584 2 6 1
3585 2 3 1
3586 1 1 1
3587 3.5 4 1
3588 2.3 40 1
3589 3.33333 3 1
3590 3.5 4 1
3591 2 1 1
3592 3 3 1
3593 2 2 1
3594 1 1 1
3595 3.15625 32 1
3596 1 1 1
3597 3.5 2 1
3598 3 1 1
3599 1 1 1
3600 1 1 1
3601 1 1 1
3602 1 1 1
3603 2.5 2 1
3604 2.7 10 1
3605 1.66667 3 1
3606 1 1 1
3607 1 1 1
3608 1 2 1
3609 1 1 1
3610 2 1 1
3611 2 2 1
3612 3.33333 3 1
3613 2 1 1
3614 2 1 1
3615 2 1 1
3616 3 1 1
3617 3 5 1
3618 3 2 1
3619 2.5 2 1
3620 2 2 1
3621 2 1 1
3622 3 1 1
3623 3 1 1
3624 3 3 1
3625 2 1 1
3626 2 1 1
3627 2 1 1
3628 1.5 2 1
3629 2 1 1
3630 2 1 1
3631 3.5 2 1
3632 3.28571 7 1
3633 3 2 1
3634 3 2 1
3635 2.4 5 1
3636 1 1 1
3637 1 1 1
3638 3.33333 3 1
3639 1.5 2 1
3640 2.5 2 1
3641 3 1 1
3642 2 1 1
3643 2 1 1
3644 4 1 1
3645 1 1 1
3646 3 3 1
3647 1 1 1
3648 2 1 1
3649 4 3 1
3650 3 1 1
3651 2.4 5 1
3652 2.66667 3 1
3653 3.4 5 1
3654 3 1 1
3655 4 1 1
3656 2 1 1
3657 3.5 2 1
3658 4 1 1
3659 1.66667 3 1
3660 3 1 1
3661 2 1 1
3662 3 1 1
3663 3 1 1
3664 2 1 1
3665 2.5 2 1
3666 3 1 1
3667 4.5 2 1
3668 2.5 2 1
3669 2 1 1
3670 4 1 1
3671 4.5 2 1
3672 1 1 1
3673 2.5 2 1
3674 3 5 1
3675 1 1 1
3676 3 1 1
3677 5 1 1
3678 2 1 1
3679 3 1 1
3680 3 2 1
3681 4.8 5 1
3682 4 1 1
3683 3.875 8 1
3684 3 2 1
3685 3.1 20 1
3686 4 1 1
3687 3.5 24 1
3688 3 1 1
3689 3.75 4 1
3690 4 1 1
3691 3.5 2 1
3692 4 1 1
3693 4 1 1
3694 4.5 2 1
3695 3 2 1
3696 3 1 1
3697 2 1 1
3698 3.5 2 1
3699 2 1 1
3700 4 1 1
3701 3 1 1
3702 2 1 1
3703 2 1 1
3704 3 1 1
3705 3 1 1
