0 858
1 2384
2 593
3 1961
4 2019
5 1419
6 213
7 3111
8 3505
9 573
10 1734
11 2503
12 912
13 919
14 527
15 1252
16 318
17 649
18 3289
19 759
20 2396
21 2858
22 608
23 1649
24 2028
25 326
26 17
27 2762
28 34
29 246
30 2692
31 1617
32 1111
33 1392
34 150
35 300
36 549
37 562
38 1537
39 1554
40 265
41 448
42 866
43 1358
44 2324
45 235
46 247
47 446
48 1094
49 1704
50 50
51 162
52 45
53 348
54 508
55 1089
56 589
57 58
58 1694
59 2580
60 1834
61 2391
62 111
63 282
64 290
65 2067
66 1641
67 357
68 1230
69 930
70 3022
71 3088
72 3133
73 947
74 1294
75 1269
76 2804
77 3421
78 1244
79 1276
80 2622
81 955
82 2791
83 1028
84 2300
85 1197
86 2863
87 3548
88 1211
89 1223
90 951
91 1066
92 3072
93 933
94 907
95 1304
96 2671
97 3175
98 935
99 1014
100 1078
101 1270
102 3035
103 3363
104 1265
105 909
106 3396
107 1934
108 2174
109 911
110 945
111 2746
112 1188
113 3037
114 471
115 952
116 2289
117 916
118 1125
119 915
120 3028
121 260
122 3471
123 750
124 1097
125 1210
126 924
127 2087
128 2565
129 3545
130 914
131 1022
132 1282
133 899
134 900
135 918
136 1947
137 1951
138 3549
139 364
140 588
141 963
142 107
143 1081
144 1220
145 1380
146 2083
147 2857
148 2946
149 1088
150 2096
151 661
152 901
153 938
154 1083
155 2080
156 783
157 1416
158 199
159 48
160 1212
161 1284
162 903
163 904
164 913
165 1086
166 1964
167 2206
168 2208
169 950
170 906
171 942
172 2414
173 1680
174 926
175 1237
176 923
177 920
178 2146
179 1387
180 356
181 1079
182 1148
183 2716
184 232
185 1136
186 1267
187 1882
188 3508
189 702
190 3148
191 1221
192 3543
193 1193
194 1250
195 2132
196 1225
197 1299
198 3006
199 3196
200 908
201 1207
202 3469
203 1721
204 1883
205 2376
206 2428
207 3438
208 1945
209 3468
210 1231
211 1938
212 1949
213 2728
214 3359
215 2492
216 2572
217 2683
218 2699
219 2706
220 2707
221 2826
222 2827
223 1203
224 2501
225 3362
226 3504
227 2555
228 2694
229 2710
230 2770
231 2842
232 2975
233 2997
234 3005
235 3285
236 1233
237 3270
238 3330
239 2038
240 2147
241 223
242 2433
243 2771
244 3016
245 1208
246 3068
247 3095
248 1293
249 1940
250 1941
251 2890
252 2919
253 1093
254 1911
255 2541
256 2546
257 2678
258 2722
259 2759
260 2772
261 2881
262 3203
263 2336
264 2434
265 2575
266 2599
267 2605
268 2828
269 3113
270 3408
271 1213
272 1259
273 3051
274 3467
275 2712
276 2757
277 3159
278 1939
279 1950
280 1952
281 3526
282 2318
283 2333
284 2676
285 2690
286 2719
287 2995
288 407
289 3152
290 959
291 1288
292 2303
293 2390
294 2392
295 2629
296 2713
297 2882
298 3008
299 3160
300 785
301 1674
302 1953
303 2238
304 3147
305 2734
306 2805
307 2900
308 3053
309 3354
310 3379
311 2439
312 296
313 949
314 1959
315 2490
316 968
317 2502
318 2574
319 2581
320 2723
321 2901
322 3219
323 3325
324 3201
325 1956
326 3424
327 2013
328 24
329 2598
330 2758
331 2906
332 299
333 3300
334 1513
335 2093
336 2395
337 2560
338 2686
339 43
340 2485
341 2491
342 2700
343 2840
344 2841
345 3081
346 3273
347 2070
348 2672
349 2693
350 2702
351 2715
352 3114
353 3176
354 1623
355 2337
356 2600
357 2701
358 2987
359 86
360 3125
361 3179
362 3329
363 2010
364 461
365 1413
366 2024
367 1198
368 720
369 745
370 1192
371 1196
372 1281
373 3149
374 28
375 3307
376 3224
377 3265
378 1219
379 2360
380 3128
381 3462
382 1348
383 1719
384 3030
385 2075
386 2972
387 541
388 1248
389 1007
390 25
391 898
392 902
393 1247
394 2859
395 3067
396 922
397 2677
398 2186
399 2609
400 1303
401 1412
402 1104
403 2357
404 2648
405 2628
406 1080
407 1228
408 2732
409 3429
410 1584
411 1748
412 2046
413 2571
414 32
415 480
416 1214
417 2664
418 3365
419 800
420 1372
421 1591
422 1653
423 1909
424 2916
425 504
426 1356
427 1396
428 1527
429 1580
430 1876
431 2660
432 971
433 329
434 2012
435 2393
436 3156
437 512
438 788
439 1217
440 3075
441 3089
442 1573
443 1690
444 338
445 1150
446 2973
447 1544
448 1603
449 185
450 1320
451 1391
452 1831
453 1240
454 1885
455 1931
456 2920
457 514
458 1779
459 2808
460 2986
461 1590
462 2053
463 405
464 1041
465 1056
466 1132
467 2020
468 2448
469 256
470 66
471 737
472 1176
473 1199
474 176
475 3447
476 1200
477 1374
478 1657
479 1274
480 1375
481 1376
482 2455
483 2968
484 2985
485 3527
486 2011
487 2021
488 2105
489 2117
490 2140
491 2311
492 2407
493 2613
494 1234
495 1253
496 3547
497 3551
498 1965
499 2054
500 2641
501 1373
502 2364
503 2408
504 2456
505 2642
506 1254
507 1278
508 1397
509 2730
510 3052
511 3090
512 1594
513 2848
514 1077
515 3361
516 3461
517 599
518 306
519 1185
520 1242
521 3418
522 110
523 307
524 1258
525 1504
526 1874
527 1957
528 2064
529 2971
530 1243
531 1345
532 3130
533 344
534 967
535 249
536 1280
537 778
538 1784
539 293
540 590
541 1682
542 475
543 1179
544 2291
545 3108
546 1264
547 373
548 194
549 337
550 358
551 454
552 1366
553 1061
554 515
555 2366
556 961
557 1466
558 3246
559 3386
560 62
561 3019
562 3342
563 1120
564 11
565 1268
566 3426
567 4
568 1735
569 230
570 3255
571 805
572 21
573 2688
574 1727
575 26
576 1729
577 280
578 3252
579 3155
580 509
581 1747
582 1918
583 224
584 2726
585 320
586 3435
587 2361
588 3364
589 1442
590 1480
591 875
592 1260
593 3334
594 31
595 1711
596 1962
597 2441
598 2966
599 2002
600 350
601 851
602 695
603 1201
604 2059
605 1183
606 2875
607 1036
608 1096
609 2288
610 2644
611 921
612 940
613 253
614 1006
615 1027
616 1586
617 42
618 605
619 30
620 457
621 2908
622 766
623 1801
624 1884
625 3257
626 3521
627 3528
628 418
629 765
630 455
631 2431
632 1726
633 1340
634 1966
635 2313
636 3150
637 1797
638 308
639 3498
640 3550
641 969
642 92
643 169
644 2412
645 1595
646 2819
647 981
648 1296
649 2102
650 2130
651 2529
652 3198
653 3499
654 994
655 1
656 1301
657 1307
658 1354
659 3132
660 594
661 1272
662 1954
663 388
664 735
665 2302
666 1500
667 2542
668 2947
669 2355
670 1517
671 1923
672 3253
673 367
674 1827
675 2662
676 2739
677 3018
678 440
679 2124
680 500
681 1614
682 7
683 2108
684 3450
685 2926
686 1777
687 597
688 3263
689 236
690 539
691 708
692 216
693 1020
694 378
695 1713
696 3208
697 333
698 5
699 830
700 1042
701 2004
702 3094
703 3098
704 1409
705 231
706 157
707 372
708 1582
709 1914
710 1944
711 1367
712 1377
713 2709
714 252
715 1379
716 585
717 784
718 3086
719 3267
720 1702
721 186
722 466
723 673
724 1689
725 1806
726 2266
727 3
728 355
729 537
730 1494
731 1855
732 1503
733 153
734 2387
735 2335
736 1646
737 818
738 1581
739 1863
740 520
741 1012
742 2016
743 1602
744 432
745 637
746 2036
747 1431
748 1760
749 2953
750 1453
751 2042
752 374
753 688
754 1005
755 2720
756 437
757 1839
758 2296
759 1707
760 325
761 420
762 429
763 2152
764 870
765 1731
766 3146
767 2526
768 2670
769 2763
770 123
771 1295
772 2000
773 2329
774 2729
775 3104
776 2949
777 2951
778 1222
779 1127
780 2194
781 2944
782 733
783 1408
784 3404
785 592
786 1608
787 2353
788 349
789 780
790 3197
791 380
792 1676
793 292
794 1273
795 151
796 2871
797 3105
798 3210
799 339
800 1129
801 1171
802 1261
803 1189
804 2512
805 1300
806 2349
807 1090
808 1394
809 1975
810 1960
811 1285
812 3039
813 2348
814 2076
815 2312
816 2872
817 3070
818 1246
819 2150
820 2750
821 3101
822 3422
823 1305
824 1321
825 2852
826 1291
827 2915
828 3552
829 2301
830 3449
831 1663
832 1124
833 2100
834 2463
835 2989
836 2745
837 2286
838 2022
839 2369
840 2802
841 3524
842 1991
843 2003
844 2134
845 1173
846 1587
847 2111
848 3388
849 2089
850 680
851 2717
852 2751
853 2794
854 3169
855 2378
856 1289
857 1974
858 2410
859 2411
860 1187
861 2553
862 2948
863 2471
864 3017
865 1091
866 2241
867 2513
868 2402
869 1846
870 2321
871 2795
872 2421
873 272
874 3071
875 555
876 999
877 2160
878 2866
879 2065
880 529
881 2085
882 3204
883 714
884 731
885 862
886 1292
887 1912
888 2467
889 3097
890 1297
891 2943
892 3011
893 948
894 1084
895 596
896 2104
897 441
898 628
899 2014
900 2159
901 2620
902 892
903 2176
904 2687
905 3308
906 341
907 2018
908 2427
909 2570
910 2611
911 2797
912 47
913 2001
914 1350
915 2377
916 2401
917 1597
918 1673
919 551
920 840
921 2287
922 2359
923 3350
924 188
925 3060
926 3282
927 1610
928 2118
929 2874
930 3494
931 1029
932 1955
933 534
934 1678
935 1907
936 319
937 497
938 1332
939 3044
940 428
941 2071
942 39
943 943
944 3296
945 1357
946 1921
947 1968
948 2157
949 3501
950 1013
951 3143
952 1755
953 1393
954 1611
955 2362
956 2867
957 6
958 1082
959 1355
960 2472
961 345
962 1215
963 1395
964 2048
965 2237
966 3194
967 1263
968 1730
969 3015
970 474
971 3167
972 1994
973 2109
974 2155
975 2167
976 281
977 2520
978 2524
979 2877
980 3260
981 531
982 3546
983 558
984 1206
985 1010
986 1546
987 1643
988 342
989 728
990 3248
991 3157
992 910
993 1256
994 671
995 3448
996 1235
997 1238
998 1963
999 1275
1000 8
1001 1162
1002 1073
1003 361
1004 741
1005 553
1006 1648
1007 610
1008 29
1009 1204
1010 2640
1011 2116
1012 2528
1013 316
1014 1249
1015 928
1016 965
1017 1371
1018 196
1019 1344
1020 2183
1021 931
1022 3230
1023 3033
1024 2403
1025 2094
1026 2615
1027 1333
1028 1407
1029 2747
1030 1037
1031 173
1032 1917
1033 442
1034 2178
1035 2034
1036 1982
1037 1343
1038 1732
1039 2181
1040 377
1041 519
1042 2450
1043 546
1044 2781
1045 905
1046 2643
1047 327
1048 2517
1049 2138
1050 1032
1051 2193
1052 3479
1053 1967
1054 2143
1055 2161
1056 2
1057 2239
1058 2243
1059 653
1060 1126
1061 2253
1062 3489
1063 837
1064 3439
1065 1172
1066 1566
1067 2409
1068 3584
1069 3590
1070 3591
1071 3529
1072 2912
1073 2959
1074 2829
1075 1792
1076 2894
1077 165
1078 2334
1079 1438
1080 170
1081 1287
1082 227
1083 465
1084 861
1085 1429
1086 1101
1087 1370
1088 2133
1089 2533
1090 2363
1091 2454
1092 2527
1093 2657
1094 2009
1095 2346
1096 3340
1097 1334
1098 426
1099 3555
1100 1924
1101 674
1102 10
1103 2082
1104 1644
1105 1353
1106 1266
1107 2961
1108 2724
1109 1347
1110 2668
1111 1128
1112 2787
1113 1330
1114 1970
1115 2148
1116 1389
1117 1971
1118 1972
1119 1995
1120 1969
1121 1983
1122 1986
1123 1326
1124 1976
1125 1978
1126 1980
1127 1985
1128 1988
1129 2122
1130 2460
1131 2465
1132 1977
1133 1979
1134 1981
1135 1987
1136 1241
1137 1645
1138 70
1139 1339
1140 2617
1141 3476
1142 1717
1143 2279
1144 3264
1145 724
1146 1771
1147 2328
1148 273
1149 532
1150 2389
1151 2898
1152 152
1153 177
1154 1999
1155 2107
1156 1342
1157 2125
1158 3259
1159 2443
1160 2801
1161 1569
1162 1059
1163 3358
1164 543
1165 587
1166 105
1167 1888
1168 802
1169 2297
1170 1722
1171 417
1172 852
1173 468
1174 222
1175 2424
1176 3046
1177 353
1178 2496
1179 266
1180 140
1181 1441
1182 1541
1183 1629
1184 1593
1185 1821
1186 691
1187 1457
1188 237
1189 3269
1190 550
1191 1894
1192 289
1193 736
1194 182
1195 207
1196 447
1197 168
1198 195
1199 2316
1200 3261
1201 1479
1202 179
1203 3436
1204 499
1205 2774
1206 64
1207 15
1208 258
1209 1556
1210 427
1211 1483
1212 1799
1213 218
1214 3331
1215 3405
1216 2406
1217 2991
1218 3107
1219 2058
1220 3082
1221 648
1222 3443
1223 490
1224 3256
1225 1047
1226 2115
1227 1552
1228 2278
1229 3441
1230 3444
1231 2006
1232 145
1233 2990
1234 494
1235 2476
1236 1385
1237 303
1238 3274
1239 1687
1240 552
1241 434
1242 786
1243 1488
1244 1833
1245 459
1246 1100
1247 1616
1248 1769
1249 2126
1250 379
1251 479
1252 1099
1253 1639
1254 2069
1255 2474
1256 2736
1257 425
1258 535
1259 986
1260 1226
1261 3129
1262 1216
1263 803
1264 2245
1265 2442
1266 1194
1267 1625
1268 1785
1269 2025
1270 3496
1271 464
1272 71
1273 1810
1274 3029
1275 1872
1276 2624
1277 571
1278 298
1279 1809
1280 476
1281 2331
1282 2114
1283 3412
1284 3535
1285 993
1286 315
1287 485
1288 3397
1289 172
1290 204
1291 44
1292 1642
1293 205
1294 2282
1295 1004
1296 160
1297 694
1298 1497
1299 1681
1300 1794
1301 502
1302 1626
1303 2081
1304 2807
1305 1060
1306 125
1307 1465
1308 183
1309 2097
1310 3174
1311 3481
1312 2268
1313 1057
1314 2077
1315 2330
1316 1805
1317 493
1318 1620
1319 1399
1320 22
1321 2764
1322 3247
1323 1958
1324 2697
1325 2561
1326 1598
1327 762
1328 81
1329 2294
1330 3079
1331 3099
1332 3112
1333 1017
1334 198
1335 3398
1336 3507
1337 3518
1338 1177
1339 991
1340 1633
1341 2112
1342 2137
1343 1897
1344 262
1345 1236
1346 1788
1347 2144
1348 3370
1349 366
1350 1286
1351 1619
1352 3100
1353 3576
1354 1427
1355 1476
1356 1135
1357 190
1358 1916
1359 241
1360 2419
1361 2470
1362 261
1363 574
1364 1298
1365 1650
1366 269
1367 2941
1368 431
1369 1271
1370 340
1371 1092
1372 2420
1373 3251
1374 1019
1375 1405
1376 1858
1377 3014
1378 164
1379 2090
1380 2231
1381 3281
1382 616
1383 988
1384 1454
1385 3395
1386 1031
1387 1049
1388 187
1389 16
1390 1518
1391 2247
1392 1516
1393 1683
1394 1913
1395 492
1396 1449
1397 1459
1398 2779
1399 808
1400 2262
1401 2425
1402 2168
1403 1605
1404 2518
1405 2385
1406 1542
1407 3034
1408 3272
1409 1447
1410 2173
1411 450
1412 1365
1413 2625
1414 3102
1415 317
1416 3173
1417 410
1418 700
1419 2626
1420 2725
1421 488
1422 707
1423 1783
1424 435
1425 748
1426 1306
1427 3032
1428 849
1429 1762
1430 2530
1431 2532
1432 3024
1433 2531
1434 3572
1435 692
1436 611
1437 2091
1438 3401
1439 3573
1440 880
1441 1862
1442 3574
1443 1588
1444 3392
1445 2862
1446 59
1447 2032
1448 2921
1449 2918
1450 3360
1451 2371
1452 2352
1453 1175
1454 1069
1455 2203
1456 3406
1457 799
1458 1562
1459 524
1460 381
1461 2416
1462 3385
1463 2752
1464 36
1465 2860
1466 2880
1467 112
1468 1615
1469 577
1470 761
1471 2322
1472 1744
1473 836
1474 2153
1475 2645
1476 2761
1477 141
1478 2708
1479 2748
1480 3301
1481 3512
1482 3519
1483 954
1484 3341
1485 932
1486 2835
1487 3020
1488 288
1489 996
1490 3430
1491 95
1492 208
1493 1382
1494 1499
1495 2522
1496 60
1497 2711
1498 2883
1499 1209
1500 1283
1501 3093
1502 1008
1503 2922
1504 964
1505 1378
1506 368
1507 2478
1508 416
1509 3000
1510 2993
1511 163
1512 2344
1513 1772
1514 2367
1515 2475
1516 2735
1517 2616
1518 2468
1519 1606
1520 462
1521 1262
1522 2970
1523 314
1524 3168
1525 3153
1526 2135
1527 1085
1528 158
1529 2822
1530 2405
1531 2043
1532 2088
1533 2950
1534 595
1535 1526
1536 1033
1537 1025
1538 2936
1539 2015
1540 586
1541 1016
1542 2098
1543 3503
1544 2204
1545 3419
1546 2511
1547 2917
1548 2110
1549 1791
1550 2023
1551 3083
1552 1147
1553 3384
1554 2937
1555 2248
1556 495
1557 946
1558 2996
1559 1948
1560 2721
1561 2907
1562 978
1563 2057
1564 936
1565 1035
1566 52
1567 2283
1568 382
1569 481
1570 3061
1571 2618
1572 248
1573 2766
1574 2836
1575 489
1576 2718
1577 413
1578 3244
1579 2844
1580 2704
1581 937
1582 3118
1583 1996
1584 828
1585 2383
1586 953
1587 3491
1588 639
1589 1845
1590 2290
1591 2696
1592 156
1593 2136
1594 3451
1595 2145
1596 2261
1597 838
1598 2295
1599 3087
1600 1485
1601 3506
1602 3497
1603 2539
1604 2870
1605 2356
1606 2567
1607 3120
1608 2558
1609 371
1610 2469
1611 2780
1612 2372
1613 2072
1614 2793
1615 1440
1616 3045
1617 2796
1618 2374
1619 2375
1620 1474
1621 2413
1622 1461
1623 3343
1624 2891
1625 305
1626 2259
1627 2473
1628 19
1629 1381
1630 419
1631 3074
1632 2621
1633 2398
1634 1892
1635 73
1636 1545
1637 1997
1638 1873
1639 1693
1640 2154
1641 832
1642 114
1643 225
1644 2269
1645 89
1646 233
1647 1835
1648 1290
1649 2340
1650 3073
1651 1043
1652 1666
1653 2292
1654 565
1655 842
1656 2784
1657 742
1658 879
1659 1130
1660 2554
1661 1341
1662 2782
1663 328
1664 1327
1665 330
1666 2459
1667 2519
1668 220
1669 1346
1670 2121
1671 2149
1672 1388
1673 2338
1674 2451
1675 2113
1676 2163
1677 2119
1678 2430
1679 3036
1680 2370
1681 3345
1682 2537
1683 2851
1684 3062
1685 2273
1686 517
1687 3165
1688 1752
1689 2741
1690 20
1691 2276
1692 3442
1693 2506
1694 351
1695 46
1696 362
1697 2120
1698 2327
1699 2655
1700 2789
1701 1984
1702 2902
1703 1329
1704 2092
1705 2005
1706 2252
1707 2033
1708 2139
1709 2123
1710 1881
1711 1030
1712 1190
1713 678
1714 1635
1715 1095
1716 412
1717 1411
1718 1302
1719 3371
1720 1935
1721 2577
1722 1651
1723 1507
1724 2166
1725 1178
1726 2162
1727 3389
1728 2373
1729 501
1730 3317
1731 3262
1732 138
1733 3538
1734 1227
1735 2792
1736 3206
1737 85
1738 2284
1739 2488
1740 662
1741 2551
1742 229
1743 2803
1744 259
1745 1184
1746 1425
1747 180
1748 104
1749 542
1750 719
1751 1410
1752 2423
1753 2066
1754 2940
1755 746
1756 1009
1757 2550
1758 2788
1759 2457
1760 2525
1761 386
1762 304
1763 3238
1764 3040
1765 1218
1766 3452
1767 69
1768 433
1769 88
1770 1390
1771 513
1772 2587
1773 3186
1774 376
1775 387
1776 886
1777 1672
1778 2404
1779 2815
1780 3225
1781 3440
1782 3416
1783 80
1784 668
1785 363
1786 2041
1787 2188
1788 2861
1789 3513
1790 1361
1791 3338
1792 3004
1793 3588
1794 2885
1795 3374
1796 55
1797 3459
1798 3534
1799 3500
1800 3502
1801 1224
1802 1202
1803 2397
1804 3138
1805 2738
1806 2749
1807 2417
1808 2418
1809 2942
1810 1251
1811 3076
1812 154
1813 1362
1814 2925
1815 3135
1816 3283
1817 3420
1818 2932
1819 2535
1820 2051
1821 3428
1822 2394
1823 3536
1824 3484
1825 1547
1826 1487
1827 3250
1828 2250
1829 1895
1830 3477
1831 3478
1832 3480
1833 3466
1834 2240
1835 1583
1836 1750
1837 1848
1838 1920
1839 491
1840 2432
1841 1515
1842 159
1843 1699
1844 2437
1845 507
1846 929
1847 506
1848 14
1849 3366
1850 1103
1851 3066
1852 2232
1853 2800
1854 1856
1855 161
1856 2078
1857 1279
1858 1401
1859 144
1860 518
1861 3284
1862 647
1863 2440
1864 848
1865 1186
1866 2399
1867 3189
1868 2170
1869 1359
1870 2665
1871 423
1872 2314
1873 1667
1874 2928
1875 1422
1876 2306
1877 2445
1878 2180
1879 743
1880 533
1881 445
1882 13
1883 2505
1884 801
1885 365
1886 1627
1887 2429
1888 540
1889 575
1890 2498
1891 370
1892 1417
1893 2052
1894 1665
1895 2977
1896 2354
1897 3387
1898 415
1899 191
1900 2521
1901 87
1902 2974
1903 2566
1904 1445
1905 3054
1906 2386
1907 747
1908 1942
1909 2612
1910 3347
1911 973
1912 917
1913 3163
1914 1946
1915 82
1916 2969
1917 444
1918 3182
1919 3327
1920 2846
1921 2905
1922 3134
1923 3091
1924 3096
1925 670
1926 2935
1927 2731
1928 681
1929 1927
1930 1131
1931 2210
1932 2202
1933 934
1934 976
1935 3304
1936 897
1937 1277
1938 2068
1939 1064
1940 2929
1941 2184
1942 2212
1943 941
1944 3047
1945 1840
1946 970
1947 2040
1948 2379
1949 3310
1950 12
1951 3368
1952 1609
1953 3475
1954 982
1955 1245
1956 1933
1957 944
1958 3110
1959 2495
1960 2633
1961 3585
1962 171
1963 2060
1964 3249
1965 309
1966 581
1967 1932
1968 277
1969 147
1970 564
1971 1589
1972 1034
1973 2927
1974 41
1975 523
1976 1660
1977 538
1978 2171
1979 846
1980 1624
1981 322
1982 645
1983 271
1984 57
1985 1836
1986 35
1987 1841
1988 1051
1989 1816
1990 408
1991 580
1992 94
1993 1943
1994 632
1995 718
1996 3115
1997 63
1998 2967
1999 3557
2000 3010
2001 1759
2002 2351
2003 2310
2004 1053
2005 2345
2006 621
2007 1023
2008 1844
2009 2820
2010 97
2011 3472
2012 3078
2013 1701
2014 2192
2015 72
2016 1829
2017 2976
2018 3211
2019 1596
2020 3158
2021 2479
2022 3298
2023 2285
2024 2590
2025 3188
2026 2661
2027 2422
2028 2884
2029 2106
2030 383
2031 1472
2032 1804
2033 2956
2034 521
2035 3409
2036 3266
2037 1523
2038 1743
2039 1310
2040 2689
2041 77
2042 297
2043 3178
2044 3335
2045 2265
2046 2141
2047 101
2048 1257
2049 663
2050 2500
2051 2249
2052 2447
2053 3243
2054 3254
2055 3544
2056 166
2057 65
2058 2380
2059 2381
2060 3391
2061 3495
2062 1112
2063 893
2064 1563
2065 175
2066 3437
2067 2435
2068 697
2069 2037
2070 2806
2071 1866
2072 2101
2073 925
2074 2267
2075 1464
2076 451
2077 2583
2078 1754
2079 335
2080 257
2081 360
2082 1498
2083 2062
2084 1463
2085 2497
2086 804
2087 1475
2088 2597
2089 270
2090 276
2091 2586
2092 1675
2093 422
2094 482
2095 2320
2096 554
2097 1003
2098 2326
2099 132
2100 990
2101 79
2102 640
2103 3516
2104 3600
2105 3564
2106 3602
2107 3520
2108 3604
2109 3605
2110 3608
2111 3610
2112 3457
2113 3288
2114 2156
2115 3200
2116 1414
2117 1937
2118 635
2119 2436
2120 516
2121 1021
2122 1113
2123 1621
2124 1688
2125 1919
2126 1018
2127 3355
2128 1161
2129 3399
2130 1205
2131 239
2132 2924
2133 2275
2134 704
2135 393
2136 3213
2137 2084
2138 1739
2139 1973
2140 126
2141 3433
2142 3434
2143 3258
2144 2733
2145 1167
2146 203
2147 234
2148 193
2149 3390
2150 3349
2151 76
2152 3614
2153 1746
2154 3123
2155 1936
2156 3587
2157 2073
2158 2669
2159 3525
2160 725
2161 3217
2162 2647
2163 1434
2164 3486
2165 2667
2166 3375
2167 242
2168 1925
2169 2939
2170 1684
2171 1468
2172 613
2173 84
2174 206
2175 1255
2176 1868
2177 2579
2178 2636
2179 511
2180 559
2181 2293
2182 556
2183 2536
2184 2649
2185 103
2186 2663
2187 332
2188 3488
2189 2656
2190 2637
2191 2638
2192 2634
2193 2646
2194 2814
2195 2652
2196 1337
2197 2654
2198 2651
2199 841
2200 2568
2201 2260
2202 3007
2203 3271
2204 1105
2205 3069
2206 1421
2207 2988
2208 835
2209 2573
2210 2493
2211 3565
2212 612
2213 1456
2214 122
2215 1599
2216 2582
2217 2368
2218 2783
2219 1331
2220 2740
2221 1655
2222 2868
2223 2790
2224 606
2225 3598
2226 3559
2227 3606
2228 3415
2229 3311
2230 3456
2231 1046
2232 1406
2233 214
2234 334
2235 1116
2236 1901
2237 2909
2238 3142
2239 1875
2240 2365
2241 2029
2242 2865
2243 1535
2244 414
2245 569
2246 3372
2247 2540
2248 547
2249 1067
2250 3324
2251 3103
2252 291
2253 3593
2254 421
2255 2453
2256 3145
2257 3038
2258 3533
2259 3532
2260 615
2261 240
2262 956
2263 2653
2264 2131
2265 2983
2266 1076
2267 2650
2268 927
2269 962
2270 775
2271 2847
2272 1160
2273 347
2274 2682
2275 1024
2276 2753
2277 3275
2278 2195
2279 456
2280 1511
2281 1446
2282 582
2283 1733
2284 3106
2285 3328
2286 2246
2287 3221
2288 3570
2289 3571
2290 389
2291 1324
2292 2315
2293 2516
2294 352
2295 324
2296 1612
2297 1904
2298 2007
2299 570
2300 3049
2301 452
2302 2236
2303 829
2304 1613
2305 477
2306 268
2307 409
2308 215
2309 806
2310 2639
2311 1670
2312 1753
2313 3339
2314 2893
2315 2607
2316 3465
2317 2888
2318 184
2319 2978
2320 881
2321 1854
2322 135
2323 1000
2324 278
2325 3031
2326 312
2327 813
2328 2999
2329 473
2330 833
2331 438
2332 472
2333 1550
2334 1604
2335 2027
2336 2317
2337 275
2338 2992
2339 1998
2340 3013
2341 2903
2342 2878
2343 3021
2344 3490
2345 1989
2346 3487
2347 1068
2348 2187
2349 3316
2350 3445
2351 2242
2352 3577
2353 3510
2354 3041
2355 458
2356 3431
2357 3432
2358 2896
2359 2055
2360 487
2361 3427
2362 2458
2363 809
2364 2606
2365 3077
2366 121
2367 3402
2368 1123
2369 1865
2370 2659
2371 2182
2372 2017
2373 1571
2374 2099
2375 3199
2376 3414
2377 2263
2378 3235
2379 116
2380 2585
2381 709
2382 3393
2383 2151
2384 1647
2385 798
2386 2594
2387 2507
2388 781
2389 2281
2390 1352
2391 869
2392 210
2393 650
2394 2272
2395 9
2396 467
2397 189
2398 3425
2399 1703
2400 1812
2401 1900
2402 1585
2403 525
2404 1857
2405 505
2406 267
2407 2610
2408 2798
2409 449
2410 984
2411 3394
2412 2879
2413 711
2414 217
2415 3042
2416 1692
2417 2483
2418 1432
2419 3268
2420 2714
2421 1450
2422 2562
2423 2856
2424 2744
2425 1640
2426 957
2427 1152
2428 181
2429 1495
2430 1720
2431 2817
2432 667
2433 839
2434 2899
2435 1011
2436 2050
2437 2142
2438 631
2439 1654
2440 2079
2441 2035
2442 960
2443 2205
2444 2589
2445 255
2446 2549
2447 2952
2448 3423
2449 2264
2450 3141
2451 2515
2452 2452
2453 2982
2454 1992
2455 2462
2456 1993
2457 891
2458 3367
2459 2816
2460 627
2461 1929
2462 2938
2463 1477
2464 1460
2465 2773
2466 2895
2467 2962
2468 3292
2469 690
2470 3622
2471 769
2472 3607
2473 1758
2474 484
2475 2045
2476 888
2477 3144
2478 2695
2479 3492
2480 238
2481 3578
2482 3509
2483 3286
2484 96
2485 3137
2486 1015
2487 1317
2488 1398
2489 2382
2490 1322
2491 2892
2492 2095
2493 2255
2494 3043
2495 807
2496 987
2497 1600
2498 3232
2499 2044
2500 1837
2501 710
2502 470
2503 102
2504 321
2505 1695
2506 3556
2507 1896
2508 3012
2509 3417
2510 2776
2511 2630
2512 1428
2513 3620
2514 2177
2515 2523
2516 1363
2517 1496
2518 3299
2519 1631
2520 1669
2521 302
2522 131
2523 1482
2524 3287
2525 3483
2526 544
2527 548
2528 2889
2529 1898
2530 201
2531 463
2532 2504
2533 3403
2534 3579
2535 3554
2536 3617
2537 3621
2538 3596
2539 3618
2540 3537
2541 3580
2542 3597
2543 3619
2544 3326
2545 2169
2546 1826
2547 1677
2548 2350
2549 2681
2550 2767
2551 2691
2552 3048
2553 2257
2554 2786
2555 2799
2556 2756
2557 3223
2558 83
2559 1484
2560 2853
2561 1860
2562 3214
2563 536
2564 3109
2565 23
2566 1906
2567 3218
2568 2965
2569 3613
2570 37
2571 1564
2572 638
2573 74
2574 301
2575 469
2576 1632
2577 779
2578 2165
2579 685
2580 2548
2581 1668
2582 2426
2583 3063
2584 3599
2585 61
2586 436
2587 1658
2588 18
2589 209
2590 93
2591 2809
2592 567
2593 2727
2594 1154
2595 854
2596 850
2597 669
2598 1351
2599 263
2600 3531
2601 2849
2602 1050
2603 563
2604 715
2605 343
2606 3539
2607 2305
2608 155
2609 3562
2610 782
2611 3586
2612 390
2613 3313
2614 211
2615 1404
2616 254
2617 78
2618 882
2619 424
2620 1044
2621 346
2622 1473
2623 2482
2624 3306
2625 2596
2626 528
2627 3309
2628 2196
2629 1869
2630 3563
2631 1867
2632 2307
2633 1853
2634 2128
2635 2325
2636 1592
2637 486
2638 656
2639 1679
2640 1439
2641 867
2642 453
2643 174
2644 2552
2645 810
2646 1798
2647 118
2648 331
2649 2190
2650 591
2651 3127
2652 2449
2653 2876
2654 885
2655 2280
2656 716
2657 478
2658 1133
2659 1436
2660 626
2661 243
2662 3511
2663 2494
2664 618
2665 2845
2666 1661
2667 1686
2668 391
2669 998
2670 1662
2671 1824
2672 2812
2673 732
2674 1532
2675 283
2676 1601
2677 2271
2678 510
2679 2201
2680 100
2681 3553
2682 3566
2683 1870
2684 443
2685 3357
2686 3319
2687 1102
2688 3185
2689 1910
2690 2810
2691 2047
2692 336
2693 3639
2694 3634
2695 764
2696 197
2697 503
2698 633
2699 68
2700 2543
2701 1325
2702 1328
2703 2461
2704 1191
2705 294
2706 2341
2707 1767
2708 498
2709 703
2710 354
2711 167
2712 522
2713 27
2714 2400
2715 2256
2716 3344
2717 3026
2718 3633
2719 3638
2720 3635
2721 2614
2722 760
2723 1323
2724 202
2725 896
2726 2514
2727 1335
2728 2347
2729 2818
2730 3464
2731 1232
2732 2026
2733 3624
2734 2031
2735 3177
2736 3643
2737 3628
2738 3514
2739 1038
2740 3515
2741 3446
2742 3027
2743 3629
2744 3645
2745 1119
2746 2258
2747 483
2748 3594
2749 1525
2750 1756
2751 1990
2752 2754
2753 3453
2754 2049
2755 3181
2756 3470
2757 3636
2758 3644
2759 1822
2760 1426
2761 1164
2762 1902
2763 2821
2764 3240
2765 3623
2766 2323
2767 1349
2768 1336
2769 3241
2770 2833
2771 3117
2772 1151
2773 2008
2774 1087
2775 2886
2776 2737
2777 3474
2778 1180
2779 847
2780 997
2781 2679
2782 1928
2783 3122
2784 2981
2785 2984
2786 1849
2787 876
2788 1117
2789 2198
2790 1671
2791 1508
2792 1114
2793 1501
2794 53
2795 313
2796 3612
2797 2834
2798 38
2799 3190
2800 2499
2801 3668
2802 3615
2803 2674
2804 3684
2805 3671
2806 3683
2807 274
2808 117
2809 228
2810 99
2811 75
2812 3712
2813 3676
2814 128
2815 3704
2816 3702
2817 2446
2818 3649
2819 3697
2820 3706
2821 3654
2822 3681
2823 3686
2824 3708
2825 3703
2826 3685
2827 3688
2828 3698
2829 3700
2830 2342
2831 392
2832 3682
2833 3701
2834 3637
2835 3689
2836 3690
2837 2593
2838 583
2839 3699
2840 3707
2841 3675
2842 3693
2843 2843
2844 3320
2845 2897
2846 3522
2847 1889
2848 3711
2849 2086
2850 1121
2851 1169
2852 1313
2853 3567
2854 3581
2855 1770
2856 821
2857 1782
2858 359
2859 1514
2860 3660
2861 3627
2862 3653
2863 3705
2864 3669
2865 3207
2866 753
2867 1415
2868 3373
2869 3632
2870 3713
2871 3678
2872 2831
2873 2945
2874 3677
2875 568
2876 3672
2877 369
2878 602
2879 219
2880 136
2881 137
2882 2103
2883 56
2884 146
2885 54
2886 2559
2887 90
2888 603
2889 877
2890 566
2891 771
2892 1749
2893 3473
2894 617
2895 406
2896 1420
2897 3680
2898 3674
2899 113
2900 3661
2901 3673
2902 2904
2903 3092
2904 2215
2905 1054
2906 404
2907 3691
2908 250
2909 3055
2910 3679
2911 1656
2912 3692
2913 2339
2914 3715
2915 385
2916 2211
2917 3139
2918 974
2919 958
2920 3171
2921 1070
2922 755
2923 3215
2924 3670
2925 3710
2926 3740
2927 3724
2928 3730
2929 3731
2930 3732
2931 3716
2932 3733
2933 3734
2934 3729
2935 3735
2936 3738
2937 2209
2938 1903
2939 2227
2940 2221
2941 2185
2942 1728
2943 264
2944 823
2945 1533
2946 3742
2947 3723
2948 3663
2949 3664
2950 3709
2951 106
2952 1696
2953 824
2954 3728
2955 619
2956 40
2957 2994
2958 3530
2959 3741
2960 1922
2961 1458
2962 3658
2963 384
2964 1423
2965 2627
2966 831
2967 3400
2968 2785
2969 3736
2970 1814
2971 2244
2972 1486
2973 375
2974 2755
2975 1715
2976 992
2977 2074
2978 985
2979 2632
2980 1489
2981 3454
2982 1725
2983 1551
2984 3694
2985 3646
2986 3609
2987 1843
2988 609
2989 244
2990 722
2991 3714
2992 3665
2993 3662
2994 286
2995 1877
2996 1063
2997 3648
2998 3659
2999 3696
3000 939
3001 3727
3002 3626
3003 1437
3004 811
3005 2778
3006 3725
3007 754
3008 2477
3009 1887
3010 411
3011 1055
3012 2191
3013 3717
3014 3667
3015 1534
3016 1817
3017 705
3018 3655
3019 1531
3020 3744
3021 2850
3022 127
3023 2207
3024 67
3025 2197
3026 3323
3027 3382
3028 657
3029 2481
3030 1455
3031 1071
3032 2438
3033 1549
3034 2933
3035 3726
3036 134
3037 2813
3038 757
3039 3739
3040 1893
3041 2298
3042 1859
3043 1509
3044 3540
3045 3656
3046 3657
3047 3640
3048 863
3049 1315
3050 3719
3051 2837
3052 1879
3053 3124
3054 3302
3055 1567
3056 853
3057 793
3058 3745
3059 1502
3060 3652
3061 749
3062 119
3063 3754
3064 3763
3065 2172
3066 3746
3067 496
3068 310
3069 2824
3070 1864
3071 3751
3072 3303
3073 3753
3074 3764
3075 1170
3076 3781
3077 3782
3078 3766
3079 3771
3080 3773
3081 149
3082 3760
3083 665
3084 1861
3085 3770
3086 3758
3087 2855
3088 3743
3089 3769
3090 3183
3091 2158
3092 1793
3093 1153
3094 3642
3095 3737
3096 3025
3097 3768
3098 2534
3099 2332
3100 3780
3101 394
3102 2486
3103 1807
3104 2175
3105 2509
3106 3116
3107 682
3108 600
3109 3774
3110 3463
3111 2864
3112 3752
3113 3791
3114 3784
3115 530
3116 791
3117 2914
3118 3788
3119 3485
3120 3767
3121 3695
3122 1538
3123 3789
3124 3755
3125 3792
3126 2200
3127 526
3128 1144
3129 3239
3130 1026
3131 1899
3132 3595
3133 2056
3134 1384
3135 3720
3136 1369
3137 3333
3138 2960
3139 698
3140 3718
3141 3747
3142 3765
3143 3775
3144 3778
3145 2179
3146 2964
3147 864
3148 3569
3149 1574
3150 430
3151 3064
3152 251
3153 2963
3154 598
3155 3783
3156 1718
3157 3759
3158 2979
3159 1490
3160 975
3161 1311
3162 2576
3163 3050
3164 659
3165 1565
3166 2219
3167 2775
3168 3002
3169 3776
3170 820
3171 178
3172 1002
3173 1145
3174 1850
3175 1493
3176 3058
3177 49
3178 3276
3179 3785
3180 3346
3181 2854
3182 3757
3183 3761
3184 2675
3185 3192
3186 3314
3187 2304
3188 1880
3189 2931
3190 3222
3191 2658
3192 561
3193 2685
3194 2480
3195 2544
3196 439
3197 1926
3198 1539
3199 3084
3200 3180
3201 624
3202 1575
3203 560
3204 3353
3205 2930
3206 1433
3207 200
3208 1741
3209 664
3210 2569
3211 3352
3212 966
3213 1890
3214 2308
3215 3721
3216 1825
3217 279
3218 2164
3219 2234
3220 1572
3221 1174
3222 1312
3223 1181
3224 2444
3225 2623
3226 1842
3227 726
3228 2309
3229 124
3230 3812
3231 3806
3232 3814
3233 3809
3234 3811
3235 3819
3236 887
3237 108
3238 3813
3239 3802
3240 3799
3241 3121
3242 3801
3243 3810
3244 1878
3245 3807
3246 2873
3247 3804
3248 3818
3249 1163
3250 3817
3251 3793
3252 1139
3253 1520
3254 3790
3255 3787
3256 1664
3257 3795
3258 2129
3259 1039
3260 756
3261 1519
3262 860
3263 1832
3264 3749
3265 2839
3266 287
3267 844
3268 2063
3269 3166
3270 3003
3271 3057
3272 3803
3273 3616
3274 3798
3275 3119
3276 3493
3277 751
3278 3318
3279 3164
3280 3808
3281 3205
3282 1709
3283 3290
3284 1553
3285 1886
3286 397
3287 2189
3288 3085
3289 557
3290 3794
3291 3805
3292 3797
3293 1570
3294 3603
3295 3841
3296 3786
3297 3832
3298 3834
3299 3835
3300 3836
3301 3844
3302 3840
3303 3846
3304 1659
3305 133
3306 3651
3307 2591
3308 3228
3309 744
3310 607
3311 2869
3312 3407
3313 3849
3314 2666
3315 3845
3316 3831
3317 3822
3318 3796
3319 3777
3320 2466
3321 3843
3322 3821
3323 3837
3324 3839
3325 3820
3326 3827
3327 2760
3328 2635
3329 2777
3330 3816
3331 3378
3332 3641
3333 3847
3334 3838
3335 2923
3336 3351
3337 3833
3338 3848
3339 2743
3340 1134
3341 1138
3342 3460
3343 1168
3344 1529
3345 3800
3346 3762
3347 3337
3348 3825
3349 874
3350 3850
3351 1811
3352 843
3353 972
3354 2913
3355 1780
3356 827
3357 767
3358 1107
3359 3601
3360 2487
3361 3236
3362 3611
3363 1891
3364 226
3365 2608
3366 1522
3367 3826
3368 3161
3369 3233
3370 2998
3371 3293
3372 1555
3373 652
3374 878
3375 148
3376 3824
3377 3864
3378 3413
3379 3859
3380 3861
3381 295
3382 3056
3383 3823
3384 3625
3385 977
3386 696
3387 980
3388 2934
3389 868
3390 3866
3391 2673
3392 3242
3393 3140
3394 3592
3395 2955
3396 889
3397 460
3398 1685
3399 3869
3400 3873
3401 3858
3402 3877
3403 3410
3404 2388
3405 3868
3406 3872
3407 3187
3408 2830
3409 1383
3410 3870
3411 2223
3412 1098
3413 3871
3414 3860
3415 1905
3416 2705
3417 3875
3418 3666
3419 33
3420 2415
3421 3857
3422 311
3423 3876
3424 2557
3425 3523
3426 1142
3427 572
3428 3863
3429 815
3430 3842
3431 1851
3432 2823
3433 3830
3434 2811
3435 1561
3436 3884
3437 3852
3438 3880
3439 2825
3440 3172
3441 2233
3442 2358
3443 3237
3444 3065
3445 3874
3446 3878
3447 3886
3448 129
3449 1724
3450 2602
3451 3879
3452 3882
3453 630
3454 3828
3455 3001
3456 623
3457 3851
3458 3779
3459 2911
3460 245
3461 2510
3462 3855
3463 3867
3464 120
3465 3305
3466 3865
3467 3853
3468 2765
3469 3381
3470 872
3471 2127
3472 2631
3473 1444
3474 3216
3475 3568
3476 614
3477 3772
3478 1058
3479 3897
3480 3893
3481 3889
3482 3925
3483 3926
3484 3927
3485 3936
3486 3937
3487 3938
3488 3939
3489 3940
3490 3941
3491 3942
3492 3908
3493 3917
3494 3918
3495 3919
3496 3921
3497 3922
3498 3930
3499 3901
3500 3920
3501 3903
3502 3895
3503 3910
3504 3915
3505 3932
3506 3929
3507 3896
3508 3898
3509 212
3510 3928
3511 3923
3512 3322
3513 3931
3514 3909
3515 679
3516 3916
3517 1430
3518 2538
3519 1470
3520 3911
3521 3894
3522 3914
3523 3948
3524 3883
3525 3947
3526 729
3527 3885
3528 3913
3529 2768
3530 3162
3531 3952
3532 2545
3533 1787
3534 3924
3535 3517
3536 3946
3537 130
3538 776
3539 1796
3540 3934
3541 3945
3542 3943
3543 787
3544 3854
3545 1830
3546 3935
3547 3881
3548 3933
3549 789
3550 2769
3551 3949
3552 1871
3553 2464
3554 3902
3555 2343
3556 2887
3557 1915
3558 3950
3559 790
3560 655
3561 834
3562 706
3563 139
3564 1316
3565 3887
3566 3944
3567 3297
3568 642
3569 3891
3570 3900
3571 3154
3572 3890
3573 734
3574 3131
3575 3951
3576 3184
3577 989
3578 3136
3579 1815
3580 3295
3581 2061
3582 1652
3583 3277
3584 98
3585 643
3586 684
3587 2578
3588 3912
3589 3575
3590 1149
3591 2254
3592 687
3593 1528
3594 2039
3595 3906
3596 3904
3597 2251
3598 2619
3599 2213
3600 2217
3601 3202
3602 3376
3603 3294
3604 3892
3605 3899
3606 1386
3607 3312
3608 895
3609 142
3610 2742
3611 672
3612 796
3613 644
3614 2484
3615 2235
3616 2584
3617 1040
3618 401
3619 3212
3620 3687
3621 579
3622 1764
3623 601
3624 3380
3625 1852
3626 3220
3627 859
3628 660
3629 1118
3630 651
3631 3377
3632 1543
3633 192
3634 3542
3635 1622
3636 641
3637 1115
3638 666
3639 1558
3640 1510
3641 1908
3642 2277
3643 1630
3644 758
3645 730
3646 3482
3647 3209
3648 3151
3649 3126
3650 2563
3651 1636
3652 3631
3653 1471
3654 2556
3655 792
3656 1714
3657 712
3658 3647
3659 634
3660 3458
3661 545
3662 402
3663 2703
3664 3321
3665 1062
3666 1579
3667 1795
3668 1773
3669 865
3670 701
3671 578
3672 1165
3673 1548
3674 1930
3675 826
3676 576
3677 3280
3678 1820
3679 763
3680 884
3681 3245
3682 396
3683 3905
3684 3336
3685 3862
3686 584
3687 3756
3688 2214
3689 2299
3690 3229
3691 1364
3692 774
3693 398
3694 3888
3695 3748
3696 814
3697 3722
3698 1360
3699 2218
3700 717
3701 658
3702 3291
3703 3315
3704 2592
3705 2226
