1 655
2 1056
3 727
4 567
5 698
6 957
7 682
8 1000
9 2395
10 1102
11 564
12 1950
13 1882
14 1848
15 1207
16 1389
17 26
18 2588
19 1628
20 1690
21 572
22 1320
23 2565
24 328
25 390
26 575
27 2713
28 374
29 1008
30 619
31 594
32 414
33 3419
34 28
35 1986
36 1464
37 2570
38 2798
39 942
40 2956
41 1974
42 617
43 339
44 1291
45 52
46 1695
47 912
48 159
49 3177
50 50
51 -1
52 1566
53 2794
54 2885
55 1796
56 2883
57 1984
58 57
59 1446
60 1496
61 2585
62 560
63 1997
64 1206
65 2057
66 470
67 3024
68 2699
69 1767
70 1138
71 1272
72 2015
73 1635
74 2573
75 2811
76 2151
77 2041
78 2617
79 2101
80 1783
81 1328
82 1915
83 2558
84 2173
85 1737
86 359
87 1901
88 1769
89 1645
90 2887
91 -1
92 642
93 2590
94 1992
95 1491
96 2484
97 2010
98 3584
99 2810
100 2680
101 2047
102 2503
103 2185
104 1748
105 1166
106 2951
107 142
108 3237
109 -1
110 522
111 62
112 1467
113 2899
114 1642
115 -1
116 2379
117 2808
118 2647
119 3062
120 3464
121 2366
122 2214
123 770
124 3229
125 1306
126 2140
127 3022
128 2814
129 3448
130 3537
131 2522
132 2099
133 3305
134 3036
135 2322
136 2880
137 2881
138 1732
139 3563
140 1180
141 1477
142 3609
143 -1
144 1859
145 1232
146 2884
147 1969
148 3375
149 3081
150 34
151 795
152 1152
153 733
154 1812
155 2608
156 1592
157 706
158 1528
159 1842
160 1296
161 1855
162 51
163 1511
164 1378
165 1077
166 2056
167 2711
168 1197
169 643
170 1080
171 1962
172 1289
173 1031
174 2643
175 2065
176 474
177 1153
178 3171
179 1202
180 1747
181 2428
182 1194
183 1308
184 2318
185 449
186 721
187 1388
188 924
189 2397
190 1357
191 1899
192 3633
193 2148
194 548
195 1198
196 1018
197 2696
198 1334
199 158
200 3207
201 2530
202 2724
203 2146
204 1290
205 1293
206 2174
207 1195
208 1492
209 2589
210 2392
211 2614
212 3509
213 6
214 2233
215 2308
216 692
217 2414
218 1213
219 2879
220 1668
221 -1
222 1174
223 241
224 583
225 1643
226 3364
227 1082
228 2809
229 1742
230 569
231 705
232 184
233 1646
234 2147
235 45
236 689
237 1188
238 2480
239 2131
240 2261
241 1359
242 2167
243 2661
244 2989
245 3460
246 29
247 46
248 1572
249 535
250 2908
251 3152
252 714
253 613
254 2616
255 2445
256 469
257 2080
258 1208
259 1744
260 121
261 1362
262 1344
263 2599
264 2943
265 40
266 1179
267 2406
268 2306
269 1366
270 2089
271 1983
272 873
273 1148
274 2807
275 2337
276 2090
277 1968
278 2324
279 3217
280 577
281 976
282 63
283 2675
284 -1
285 -1
286 2994
287 3266
288 1488
289 1192
290 64
291 2252
292 793
293 539
294 2705
295 3381
296 312
297 2042
298 1278
299 332
300 35
301 2574
302 2521
303 1237
304 1762
305 1625
306 518
307 523
308 638
309 1965
310 3068
311 3422
312 2326
313 2795
314 1523
315 1286
316 1013
317 1415
318 16
319 936
320 585
321 2504
322 1981
323 -1
324 2295
325 760
326 25
327 1047
328 1663
329 433
330 1665
331 2648
332 2187
333 697
334 2234
335 2079
336 2692
337 549
338 444
339 799
340 1370
341 906
342 988
343 2605
344 533
345 961
346 2621
347 2273
348 53
349 788
350 600
351 1694
352 2294
353 1177
354 2710
355 728
356 180
357 67
358 550
359 2858
360 2081
361 1003
362 1696
363 1785
364 139
365 1885
366 1349
367 673
368 1506
369 2877
370 1891
371 1609
372 707
373 547
374 752
375 2973
376 1774
377 1040
378 694
379 1250
380 791
381 1460
382 1568
383 2030
384 2963
385 2915
386 1761
387 1775
388 663
389 2290
390 2612
391 2668
392 2831
393 2135
394 3101
395 -1
396 3682
397 3286
398 3693
399 -1
400 -1
401 3618
402 3662
403 -1
404 2906
405 463
406 2895
407 288
408 1990
409 2307
410 1417
411 3010
412 1716
413 1577
414 2244
415 1898
416 1508
417 1171
418 628
419 1630
420 761
421 2254
422 2093
423 1871
424 2619
425 1257
426 1098
427 1210
428 940
429 762
430 3150
431 1368
432 744
433 1768
434 1241
435 1424
436 2586
437 756
438 2331
439 3196
440 678
441 897
442 1033
443 2684
444 1917
445 1881
446 47
447 1196
448 41
449 2409
450 1411
451 2076
452 2301
453 2642
454 551
455 630
456 2279
457 620
458 2355
459 1245
460 3397
461 364
462 1520
463 2531
464 1271
465 1083
466 722
467 2396
468 1173
469 2575
470 2502
471 114
472 2332
473 2329
474 970
475 542
476 1280
477 2305
478 2657
479 1251
480 415
481 1569
482 2094
483 2747
484 2474
485 1287
486 2637
487 2360
488 1421
489 1575
490 1223
491 1839
492 1395
493 1317
494 1234
495 1556
496 3067
497 937
498 2708
499 1204
500 680
501 1729
502 1301
503 2697
504 425
505 2405
506 1847
507 1845
508 54
509 580
510 2678
511 2179
512 437
513 1771
514 457
515 554
516 2120
517 1686
518 1860
519 1041
520 740
521 2034
522 2712
523 1975
524 1459
525 2403
526 3127
527 14
528 2626
529 880
530 3115
531 981
532 1149
533 1880
534 933
535 1258
536 2563
537 729
538 1977
539 690
540 1888
541 387
542 1749
543 1164
544 2526
545 3661
546 1043
547 2248
548 2527
549 36
550 1190
551 919
552 1240
553 1005
554 2096
555 875
556 2182
557 3289
558 983
559 2180
560 3203
561 3192
562 37
563 2603
564 1970
565 1654
566 2890
567 2592
568 2875
569 2245
570 2299
571 1277
572 3427
573 9
574 1363
575 1889
576 3676
577 1469
578 3671
579 3621
580 1991
581 1966
582 2282
583 2838
584 3686
585 716
586 1540
587 1165
588 140
589 56
590 540
591 2650
592 785
593 2
594 660
595 1534
596 895
597 687
598 3154
599 517
600 3108
601 3623
602 2878
603 2888
604 -1
605 618
606 2224
607 3310
608 22
609 2988
610 1007
611 1436
612 2212
613 2172
614 3476
615 2260
616 1382
617 2894
618 2664
619 2955
620 -1
621 2006
622 -1
623 3456
624 3201
625 -1
626 2660
627 2460
628 898
629 -1
630 3453
631 2438
632 1994
633 2698
634 3659
635 2118
636 -1
637 745
638 2572
639 1588
640 2102
641 3636
642 3568
643 3585
644 3613
645 1982
646 -1
647 1862
648 1221
649 17
650 2393
651 3630
652 3373
653 1059
654 -1
655 3560
656 2638
657 3028
658 3701
659 3164
660 3628
661 151
662 1740
663 2049
664 3209
665 3083
666 3638
667 2432
668 1784
669 2597
670 1925
671 994
672 3611
673 723
674 1101
675 -1
676 -1
677 -1
678 1713
679 3515
680 850
681 1928
682 3107
683 -1
684 3586
685 2579
686 -1
687 3592
688 753
689 -1
690 2469
691 1186
692 1435
693 -1
694 1297
695 602
696 3386
697 2068
698 3139
699 -1
700 1418
701 3670
702 189
703 2709
704 2134
705 3017
706 3562
707 1422
708 691
709 2381
710 2501
711 2413
712 3657
713 -1
714 883
715 2604
716 2656
717 3700
718 1995
719 1750
720 368
721 -1
722 2990
723 -1
724 1145
725 2160
726 3227
727 -1
728 989
729 3526
730 3645
731 884
732 2673
733 782
734 3573
735 664
736 1193
737 471
738 -1
739 -1
740 -1
741 1004
742 1657
743 1879
744 3309
745 369
746 1755
747 1907
748 1425
749 3061
750 123
751 3277
752 -1
753 2866
754 3007
755 2922
756 3260
757 3038
758 3644
759 19
760 2722
761 1470
762 1327
763 3679
764 2695
765 629
766 622
767 3357
768 -1
769 2471
770 -1
771 2891
772 -1
773 -1
774 3692
775 2270
776 3538
777 -1
778 537
779 2577
780 789
781 2388
782 2610
783 156
784 717
785 300
786 1242
787 3543
788 438
789 3549
790 3559
791 3116
792 3655
793 3057
794 -1
795 -1
796 3612
797 -1
798 2385
799 1457
800 419
801 1884
802 1168
803 1263
804 2086
805 571
806 2309
807 2495
808 1399
809 2363
810 2645
811 3004
812 -1
813 2327
814 3696
815 3429
816 -1
817 -1
818 737
819 -1
820 3170
821 2856
822 -1
823 2944
824 2953
825 -1
826 3675
827 3356
828 1584
829 2303
830 699
831 2966
832 1641
833 2330
834 3561
835 2208
836 1473
837 1063
838 1597
839 2433
840 920
841 2199
842 1655
843 3352
844 3267
845 -1
846 1979
847 2779
848 1864
849 1428
850 2596
851 601
852 1172
853 3056
854 2595
855 -1
856 -1
857 -1
858 0
859 3627
860 3262
861 1084
862 885
863 3048
864 3147
865 3669
866 42
867 2641
868 3389
869 2391
870 764
871 -1
872 3470
873 -1
874 3349
875 591
876 2787
877 2889
878 3374
879 1658
880 1440
881 2320
882 2618
883 -1
884 3680
885 2654
886 1776
887 3236
888 2476
889 3396
890 -1
891 2457
892 902
893 2063
894 -1
895 3608
896 2725
897 1936
898 391
899 133
900 134
901 152
902 392
903 162
904 163
905 1045
906 170
907 94
908 200
909 105
910 992
911 109
912 12
913 164
914 130
915 119
916 117
917 1912
918 135
919 13
920 177
921 611
922 396
923 176
924 126
925 2073
926 174
927 2268
928 1015
929 1846
930 69
931 1021
932 1485
933 93
934 1933
935 98
936 1564
937 1581
938 153
939 3000
940 612
941 1943
942 171
943 943
944 1957
945 110
946 1557
947 73
948 893
949 313
950 169
951 90
952 115
953 1586
954 1483
955 81
956 2262
957 2426
958 2919
959 290
960 2442
961 556
962 2269
963 141
964 1504
965 1016
966 3212
967 534
968 316
969 641
970 1946
971 432
972 3353
973 1911
974 2918
975 3160
976 1934
977 3385
978 1562
979 -1
980 3387
981 647
982 1954
983 -1
984 2410
985 2978
986 1259
987 2496
988 1383
989 3577
990 2100
991 1339
992 2976
993 1285
994 654
995 -1
996 1489
997 2780
998 2669
999 876
1000 2323
1001 -1
1002 3172
1003 2097
1004 1295
1005 754
1006 614
1007 389
1008 1502
1009 1756
1010 985
1011 2435
1012 741
1013 950
1014 99
1015 2486
1016 1541
1017 1333
1018 2126
1019 1374
1020 693
1021 2121
1022 131
1023 2007
1024 2275
1025 1537
1026 3130
1027 615
1028 83
1029 931
1030 1711
1031 1386
1032 1050
1033 1536
1034 1972
1035 1565
1036 607
1037 1030
1038 2739
1039 3259
1040 3617
1041 464
1042 700
1043 1651
1044 2620
1045 -1
1046 2231
1047 1225
1048 -1
1049 1387
1050 2602
1051 1988
1052 -1
1053 2004
1054 2905
1055 3011
1056 465
1057 1313
1058 3478
1059 1162
1060 1305
1061 553
1062 3665
1063 2996
1064 1939
1065 -1
1066 91
1067 2249
1068 2347
1069 1454
1070 2921
1071 3031
1072 -1
1073 1002
1074 -1
1075 -1
1076 2266
1077 514
1078 100
1079 181
1080 406
1081 143
1082 958
1083 154
1084 894
1085 1527
1086 165
1087 2774
1088 149
1089 55
1090 807
1091 865
1092 1371
1093 253
1094 48
1095 1715
1096 608
1097 124
1098 3412
1099 1252
1100 1246
1101 1086
1102 2687
1103 1850
1104 402
1105 2204
1106 -1
1107 3358
1108 -1
1109 -1
1110 -1
1111 32
1112 2062
1113 2122
1114 2792
1115 3637
1116 2235
1117 2788
1118 3629
1119 2745
1120 563
1121 2850
1122 -1
1123 2368
1124 832
1125 118
1126 1060
1127 779
1128 1111
1129 800
1130 1659
1131 1930
1132 466
1133 2658
1134 3340
1135 1356
1136 185
1137 -1
1138 3341
1139 3252
1140 -1
1141 -1
1142 3426
1143 -1
1144 3128
1145 3173
1146 -1
1147 1552
1148 182
1149 3590
1150 445
1151 2772
1152 2427
1153 3093
1154 2594
1155 -1
1156 -1
1157 -1
1158 -1
1159 -1
1160 2272
1161 2128
1162 1001
1163 3249
1164 2761
1165 3672
1166 -1
1167 2145
1168 3343
1169 2851
1170 3075
1171 801
1172 1065
1173 845
1174 3221
1175 1453
1176 472
1177 1338
1178 1725
1179 543
1180 2778
1181 3223
1182 -1
1183 605
1184 1745
1185 519
1186 1865
1187 860
1188 112
1189 803
1190 1712
1191 2704
1192 370
1193 193
1194 1266
1195 -1
1196 371
1197 85
1198 367
1199 473
1200 476
1201 603
1202 1802
1203 223
1204 1009
1205 2130
1206 984
1207 201
1208 245
1209 1499
1210 125
1211 88
1212 160
1213 271
1214 416
1215 962
1216 1262
1217 439
1218 1765
1219 378
1220 144
1221 191
1222 778
1223 89
1224 1801
1225 196
1226 1260
1227 1734
1228 407
1229 -1
1230 68
1231 210
1232 2731
1233 236
1234 494
1235 996
1236 1345
1237 175
1238 997
1239 -1
1240 453
1241 1136
1242 520
1243 530
1244 78
1245 1955
1246 818
1247 393
1248 388
1249 1014
1250 194
1251 1810
1252 15
1253 495
1254 506
1255 2175
1256 993
1257 2048
1258 524
1259 272
1260 592
1261 802
1262 1521
1263 967
1264 546
1265 104
1266 1106
1267 186
1268 565
1269 75
1270 101
1271 1369
1272 661
1273 794
1274 479
1275 999
1276 79
1277 1937
1278 507
1279 1857
1280 536
1281 372
1282 132
1283 1500
1284 161
1285 811
1286 1350
1287 1081
1288 291
1289 856
1290 1648
1291 826
1292 886
1293 248
1294 74
1295 771
1296 648
1297 890
1298 1364
1299 197
1300 805
1301 656
1302 1718
1303 400
1304 95
1305 823
1306 1426
1307 657
1308 -1
1309 -1
1310 2039
1311 3161
1312 3222
1313 2852
1314 -1
1315 3049
1316 3564
1317 2487
1318 -1
1319 -1
1320 450
1321 824
1322 2490
1323 2723
1324 2291
1325 2701
1326 1123
1327 1664
1328 2702
1329 1703
1330 1113
1331 2219
1332 938
1333 1027
1334 1097
1335 2727
1336 2768
1337 2196
1338 -1
1339 1139
1340 633
1341 1661
1342 1156
1343 1037
1344 1019
1345 531
1346 1669
1347 1109
1348 382
1349 2767
1350 914
1351 2598
1352 2390
1353 1105
1354 658
1355 959
1356 426
1357 945
1358 43
1359 1869
1360 3698
1361 1790
1362 1813
1363 2516
1364 3691
1365 1412
1366 552
1367 711
1368 -1
1369 3136
1370 1087
1371 1017
1372 420
1373 501
1374 477
1375 480
1376 481
1377 712
1378 1505
1379 715
1380 145
1381 1629
1382 1493
1383 3409
1384 3134
1385 1236
1386 3606
1387 179
1388 1672
1389 1116
1390 1770
1391 451
1392 33
1393 953
1394 808
1395 963
1396 427
1397 508
1398 2488
1399 1319
1400 -1
1401 1858
1402 -1
1403 -1
1404 2615
1405 1375
1406 2232
1407 1028
1408 783
1409 704
1410 1751
1411 1717
1412 401
1413 365
1414 2116
1415 2867
1416 157
1417 1892
1418 -1
1419 5
1420 2896
1421 2206
1422 1875
1423 2964
1424 -1
1425 1746
1426 2760
1427 1354
1428 2512
1429 1085
1430 3517
1431 747
1432 2418
1433 3206
1434 2163
1435 -1
1436 2659
1437 3003
1438 1079
1439 2640
1440 1615
1441 1181
1442 589
1443 -1
1444 3473
1445 1904
1446 2281
1447 1409
1448 -1
1449 1396
1450 2421
1451 -1
1452 -1
1453 750
1454 1384
1455 3030
1456 2213
1457 1187
1458 2961
1459 1397
1460 2464
1461 1622
1462 -1
1463 2084
1464 2075
1465 1307
1466 557
1467 -1
1468 2171
1469 -1
1470 3519
1471 3653
1472 2031
1473 2622
1474 1620
1475 2087
1476 1355
1477 2463
1478 -1
1479 1201
1480 590
1481 -1
1482 2523
1483 1211
1484 2559
1485 1600
1486 2972
1487 1826
1488 1243
1489 2980
1490 3159
1491 -1
1492 -1
1493 3175
1494 730
1495 2429
1496 2517
1497 1298
1498 2082
1499 1494
1500 666
1501 2793
1502 3059
1503 732
1504 525
1505 -1
1506 -1
1507 1723
1508 2791
1509 3043
1510 3640
1511 2280
1512 -1
1513 334
1514 2859
1515 1841
1516 1392
1517 670
1518 1390
1519 3261
1520 3253
1521 -1
1522 3366
1523 2037
1524 -1
1525 2749
1526 1535
1527 428
1528 3593
1529 3344
1530 -1
1531 3019
1532 2674
1533 2945
1534 3015
1535 2243
1536 -1
1537 38
1538 3122
1539 3198
1540 -1
1541 1182
1542 1406
1543 3632
1544 447
1545 1636
1546 986
1547 1825
1548 3673
1549 3033
1550 2333
1551 2983
1552 1227
1553 3284
1554 39
1555 3372
1556 1209
1557 -1
1558 3639
1559 -1
1560 -1
1561 3435
1562 1458
1563 2064
1564 2571
1565 3165
1566 1066
1567 3055
1568 -1
1569 1161
1570 3293
1571 2373
1572 3220
1573 442
1574 3149
1575 3202
1576 -1
1577 -1
1578 -1
1579 3666
1580 429
1581 738
1582 708
1583 1835
1584 410
1585 2402
1586 616
1587 846
1588 1443
1589 1971
1590 461
1591 421
1592 2636
1593 1184
1594 512
1595 645
1596 2019
1597 917
1598 1326
1599 2215
1600 2497
1601 2676
1602 743
1603 448
1604 2334
1605 1403
1606 1519
1607 -1
1608 786
1609 1952
1610 927
1611 954
1612 2296
1613 2304
1614 681
1615 1468
1616 1247
1617 31
1618 -1
1619 1351
1620 1318
1621 2123
1622 3635
1623 354
1624 1980
1625 1267
1626 1302
1627 1886
1628 -1
1629 1183
1630 3643
1631 2519
1632 2576
1633 1340
1634 -1
1635 1714
1636 3651
1637 -1
1638 -1
1639 1253
1640 2425
1641 66
1642 1292
1643 987
1644 1104
1645 1137
1646 736
1647 2384
1648 1006
1649 23
1650 1365
1651 1722
1652 3582
1653 422
1654 2439
1655 2221
1656 2911
1657 478
1658 2587
1659 3304
1660 1976
1661 2666
1662 2670
1663 831
1664 3256
1665 1894
1666 1652
1667 1873
1668 2581
1669 2520
1670 2311
1671 2790
1672 1777
1673 918
1674 301
1675 2092
1676 792
1677 2547
1678 934
1679 2639
1680 173
1681 1299
1682 541
1683 1393
1684 2170
1685 3398
1686 2667
1687 1239
1688 2124
1689 724
1690 443
1691 -1
1692 2416
1693 1639
1694 58
1695 2505
1696 2952
1697 -1
1698 -1
1699 1843
1700 -1
1701 2013
1702 720
1703 2399
1704 49
1705 -1
1706 -1
1707 759
1708 -1
1709 3282
1710 -1
1711 595
1712 -1
1713 695
1714 3656
1715 2975
1716 -1
1717 1142
1718 3156
1719 383
1720 2430
1721 203
1722 1170
1723 -1
1724 3449
1725 2982
1726 632
1727 574
1728 2942
1729 576
1730 968
1731 765
1732 1038
1733 2283
1734 10
1735 568
1736 -1
1737 -1
1738 -1
1739 2138
1740 -1
1741 3208
1742 -1
1743 2038
1744 1472
1745 -1
1746 2153
1747 581
1748 411
1749 2892
1750 1836
1751 -1
1752 1688
1753 2312
1754 2078
1755 952
1756 2750
1757 -1
1758 2473
1759 2001
1760 748
1761 -1
1762 1429
1763 -1
1764 3622
1765 -1
1766 -1
1767 2707
1768 -1
1769 1248
1770 2855
1771 1146
1772 1513
1773 3668
1774 -1
1775 -1
1776 -1
1777 686
1778 -1
1779 458
1780 3355
1781 -1
1782 2857
1783 1423
1784 538
1785 1268
1786 -1
1787 3533
1788 1346
1789 -1
1790 -1
1791 1549
1792 1075
1793 3092
1794 1300
1795 3667
1796 3539
1797 637
1798 2646
1799 1212
1800 -1
1801 623
1802 -1
1803 -1
1804 2032
1805 1316
1806 725
1807 3103
1808 -1
1809 1279
1810 1273
1811 3351
1812 2400
1813 -1
1814 2970
1815 3579
1816 1989
1817 3016
1818 -1
1819 -1
1820 3678
1821 1185
1822 2759
1823 -1
1824 2671
1825 3216
1826 2546
1827 674
1828 -1
1829 2016
1830 3545
1831 452
1832 3263
1833 1244
1834 60
1835 1647
1836 1985
1837 2500
1838 -1
1839 757
1840 1945
1841 1987
1842 3226
1843 2987
1844 2008
1845 1589
1846 869
1847 -1
1848 1837
1849 2786
1850 3174
1851 3431
1852 3625
1853 2633
1854 2321
1855 731
1856 1854
1857 2404
1858 1376
1859 3042
1860 2561
1861 3084
1862 1441
1863 739
1864 3070
1865 2369
1866 2071
1867 2631
1868 2176
1869 2629
1870 2683
1871 3552
1872 1275
1873 1638
1874 526
1875 2239
1876 430
1877 2995
1878 3244
1879 3052
1880 3188
1881 1710
1882 187
1883 204
1884 624
1885 454
1886 3285
1887 3009
1888 1167
1889 2847
1890 3213
1891 3363
1892 1634
1893 3040
1894 1191
1895 1829
1896 2507
1897 1343
1898 2529
1899 3131
1900 2401
1901 2236
1902 2762
1903 2938
1904 2297
1905 3415
1906 2566
1907 935
1908 3641
1909 423
1910 2689
1911 254
1912 887
1913 1394
1914 709
1915 3557
1916 1358
1917 1032
1918 582
1919 2125
1920 1838
1921 946
1922 2960
1923 671
1924 1100
1925 2168
1926 3197
1927 1929
1928 2782
1929 2461
1930 3674
1931 455
1932 1967
1933 1956
1934 107
1935 1720
1936 2155
1937 2117
1938 211
1939 278
1940 249
1941 250
1942 1908
1943 1993
1944 710
1945 208
1946 1914
1947 136
1948 1559
1949 212
1950 279
1951 137
1952 280
1953 302
1954 662
1955 932
1956 325
1957 527
1958 1323
1959 314
1960 810
1961 3
1962 596
1963 998
1964 166
1965 498
1966 634
1967 1053
1968 947
1969 1120
1970 1114
1971 1117
1972 1118
1973 2139
1974 857
1975 809
1976 1124
1977 1132
1978 1125
1979 1133
1980 1126
1981 1134
1982 1036
1983 1121
1984 1701
1985 1127
1986 1122
1987 1135
1988 1128
1989 2345
1990 2751
1991 842
1992 2454
1993 2456
1994 972
1995 1119
1996 1583
1997 1637
1998 2339
1999 1154
2000 772
2001 913
2002 599
2003 843
2004 701
2005 1705
2006 1231
2007 2298
2008 2773
2009 1094
2010 363
2011 486
2012 434
2013 327
2014 899
2015 1539
2016 742
2017 2372
2018 907
2019 4
2020 467
2021 487
2022 838
2023 1550
2024 366
2025 1269
2026 2732
2027 2335
2028 24
2029 2241
2030 -1
2031 2734
2032 1447
2033 1707
2034 1035
2035 2441
2036 746
2037 2069
2038 239
2039 3594
2040 1947
2041 1786
2042 751
2043 1531
2044 2499
2045 2475
2046 412
2047 2691
2048 964
2049 2754
2050 2436
2051 1820
2052 1893
2053 462
2054 499
2055 2359
2056 3133
2057 1563
2058 1219
2059 604
2060 1963
2061 3581
2062 2083
2063 3268
2064 528
2065 879
2066 1753
2067 65
2068 1938
2069 1254
2070 347
2071 941
2072 1613
2073 2157
2074 2977
2075 385
2076 814
2077 1314
2078 1856
2079 2440
2080 155
2081 1303
2082 1103
2083 146
2084 2137
2085 881
2086 2849
2087 127
2088 1532
2089 849
2090 1379
2091 1437
2092 1704
2093 335
2094 1025
2095 2492
2096 150
2097 1309
2098 1542
2099 2374
2100 833
2101 2072
2102 649
2103 2882
2104 896
2105 488
2106 2029
2107 1155
2108 683
2109 973
2110 1548
2111 847
2112 1341
2113 1675
2114 1282
2115 1226
2116 1011
2117 489
2118 928
2119 1677
2120 1697
2121 1670
2122 1129
2123 1709
2124 679
2125 1157
2126 1249
2127 3471
2128 2634
2129 3258
2130 650
2131 2264
2132 195
2133 1088
2134 844
2135 1526
2136 1593
2137 1342
2138 1049
2139 1708
2140 490
2141 2046
2142 2437
2143 1054
2144 1347
2145 1595
2146 178
2147 240
2148 1115
2149 1671
2150 819
2151 2383
2152 763
2153 1474
2154 1640
2155 974
2156 2114
2157 948
2158 3091
2159 900
2160 877
2161 1055
2162 1726
2163 1676
2164 3218
2165 2578
2166 1724
2167 975
2168 1402
2169 2545
2170 1868
2171 1978
2172 3065
2173 1410
2174 108
2175 3104
2176 903
2177 2514
2178 1034
2179 3145
2180 1878
2181 1039
2182 2371
2183 1020
2184 1941
2185 2941
2186 398
2187 2348
2188 1787
2189 3287
2190 2649
2191 3012
2192 2014
2193 1051
2194 780
2195 2278
2196 2628
2197 3025
2198 2789
2199 -1
2200 3126
2201 2679
2202 1932
2203 1455
2204 1544
2205 2443
2206 167
2207 3023
2208 168
2209 2937
2210 1931
2211 2916
2212 1942
2213 3599
2214 3688
2215 2904
2216 -1
2217 3600
2218 3699
2219 3166
2220 -1
2221 2940
2222 -1
2223 3411
2224 -1
2225 -1
2226 3705
2227 2939
2228 -1
2229 -1
2230 -1
2231 1380
2232 1852
2233 3441
2234 3219
2235 3615
2236 2302
2237 965
2238 303
2239 1057
2240 1834
2241 866
2242 2351
2243 1058
2244 2971
2245 1264
2246 2286
2247 1391
2248 1555
2249 2051
2250 1828
2251 3597
2252 1706
2253 1061
2254 3591
2255 2493
2256 2715
2257 2553
2258 2746
2259 1626
2260 2201
2261 1596
2262 1400
2263 2377
2264 2449
2265 2045
2266 726
2267 2074
2268 1312
2269 1644
2270 -1
2271 2677
2272 2394
2273 1685
2274 -1
2275 2133
2276 1691
2277 3642
2278 1228
2279 1143
2280 2655
2281 2389
2282 1294
2283 1567
2284 1738
2285 2023
2286 837
2287 921
2288 609
2289 116
2290 1590
2291 544
2292 1653
2293 2181
2294 1329
2295 1598
2296 758
2297 1169
2298 3041
2299 3689
2300 84
2301 829
2302 665
2303 292
2304 3187
2305 2607
2306 1876
2307 2632
2308 3214
2309 3228
2310 2003
2311 491
2312 815
2313 635
2314 1872
2315 2292
2316 1199
2317 2336
2318 282
2319 -1
2320 2095
2321 870
2322 1471
2323 2766
2324 44
2325 2635
2326 2098
2327 1698
2328 1147
2329 773
2330 1315
2331 1281
2332 3099
2333 283
2334 1078
2335 735
2336 263
2337 355
2338 1673
2339 2913
2340 1649
2341 2706
2342 2830
2343 3555
2344 1512
2345 2005
2346 1095
2347 2728
2348 813
2349 806
2350 2548
2351 2002
2352 1452
2353 787
2354 1896
2355 669
2356 1605
2357 403
2358 3442
2359 922
2360 379
2361 587
2362 955
2363 1090
2364 502
2365 2240
2366 555
2367 1514
2368 2217
2369 839
2370 1680
2371 1451
2372 1612
2373 1728
2374 1618
2375 1619
2376 205
2377 915
2378 855
2379 1948
2380 2058
2381 2059
2382 2489
2383 1585
2384 1
2385 1405
2386 1906
2387 734
2388 3404
2389 1150
2390 293
2391 61
2392 294
2393 435
2394 1822
2395 336
2396 20
2397 1803
2398 1633
2399 1866
2400 2714
2401 916
2402 868
2403 1024
2404 1778
2405 1530
2406 1216
2407 492
2408 503
2409 1067
2410 858
2411 859
2412 644
2413 1621
2414 172
2415 3420
2416 1461
2417 1807
2418 1808
2419 1360
2420 1372
2421 872
2422 2027
2423 1752
2424 1175
2425 1401
2426 2582
2427 908
2428 206
2429 1887
2430 1678
2431 631
2432 1840
2433 242
2434 264
2435 2067
2436 2119
2437 1844
2438 3032
2439 311
2440 1863
2441 597
2442 1265
2443 1159
2444 3224
2445 1877
2446 2817
2447 2052
2448 468
2449 2652
2450 1042
2451 1674
2452 2452
2453 2255
2454 1091
2455 482
2456 504
2457 1759
2458 2362
2459 1666
2460 1130
2461 2703
2462 2455
2463 834
2464 3553
2465 1131
2466 3320
2467 888
2468 1518
2469 1610
2470 1361
2471 863
2472 960
2473 1627
2474 1255
2475 1515
2476 1235
2477 3008
2478 1507
2479 2021
2480 3194
2481 3029
2482 2623
2483 2417
2484 3614
2485 340
2486 3102
2487 3360
2488 1739
2489 -1
2490 315
2491 341
2492 215
2493 2210
2494 2663
2495 1959
2496 1178
2497 2085
2498 1890
2499 2800
2500 2050
2501 224
2502 317
2503 11
2504 2532
2505 1883
2506 1693
2507 2387
2508 -1
2509 3105
2510 3461
2511 1546
2512 804
2513 867
2514 2726
2515 2451
2516 2293
2517 1048
2518 1404
2519 1667
2520 977
2521 1900
2522 1495
2523 2515
2524 978
2525 1760
2526 767
2527 1092
2528 1012
2529 651
2530 1430
2531 1433
2532 1431
2533 1089
2534 3098
2535 1819
2536 2183
2537 1682
2538 3518
2539 1603
2540 2247
2541 255
2542 667
2543 2700
2544 3195
2545 3532
2546 256
2547 -1
2548 2580
2549 2446
2550 1757
2551 1741
2552 2644
2553 861
2554 1660
2555 227
2556 3654
2557 3424
2558 1608
2559 2886
2560 337
2561 1325
2562 2422
2563 3650
2564 -1
2565 128
2566 1903
2567 1606
2568 2200
2569 3210
2570 909
2571 413
2572 216
2573 2209
2574 318
2575 265
2576 3162
2577 1721
2578 3587
2579 2177
2580 59
2581 319
2582 2216
2583 2077
2584 3616
2585 2380
2586 2091
2587 1772
2588 -1
2589 2444
2590 2024
2591 3307
2592 3704
2593 2837
2594 2386
2595 -1
2596 2625
2597 2088
2598 329
2599 266
2600 356
2601 -1
2602 3450
2603 -1
2604 -1
2605 267
2606 2364
2607 2315
2608 3365
2609 399
2610 2407
2611 910
2612 1909
2613 493
2614 2721
2615 1026
2616 1517
2617 1140
2618 1571
2619 3598
2620 901
2621 1632
2622 80
2623 3225
2624 1276
2625 1413
2626 1419
2627 2965
2628 405
2629 295
2630 2511
2631 3472
2632 2979
2633 1960
2634 2192
2635 3328
2636 2178
2637 2190
2638 2191
2639 2310
2640 1010
2641 500
2642 505
2643 1046
2644 610
2645 1475
2646 2193
2647 2162
2648 404
2649 2184
2650 2267
2651 2198
2652 2195
2653 2263
2654 2197
2655 1699
2656 2189
2657 1093
2658 3191
2659 2370
2660 431
2661 2026
2662 675
2663 2186
2664 417
2665 1870
2666 3314
2667 2165
2668 1110
2669 2158
2670 768
2671 96
2672 348
2673 3391
2674 2803
2675 3184
2676 284
2677 397
2678 257
2679 2781
2680 -1
2681 2549
2682 2274
2683 217
2684 -1
2685 3193
2686 338
2687 904
2688 573
2689 2040
2690 285
2691 2551
2692 30
2693 349
2694 228
2695 2478
2696 1591
2697 1324
2698 -1
2699 218
2700 342
2701 357
2702 350
2703 3663
2704 1580
2705 3416
2706 219
2707 220
2708 1478
2709 713
2710 229
2711 1497
2712 275
2713 296
2714 2420
2715 351
2716 183
2717 851
2718 1576
2719 286
2720 755
2721 1560
2722 258
2723 320
2724 1108
2725 1420
2726 584
2727 2593
2728 213
2729 774
2730 509
2731 1927
2732 408
2733 2144
2734 305
2735 1516
2736 1256
2737 2776
2738 1805
2739 676
2740 2220
2741 1689
2742 3610
2743 3339
2744 2424
2745 836
2746 111
2747 1029
2748 1479
2749 1806
2750 820
2751 852
2752 1463
2753 2276
2754 2752
2755 2974
2756 2556
2757 276
2758 330
2759 259
2760 3327
2761 1476
2762 27
2763 769
2764 1321
2765 3468
2766 1573
2767 2550
2768 3529
2769 3550
2770 230
2771 243
2772 260
2773 2465
2774 1205
2775 3167
2776 2510
2777 3329
2778 3005
2779 1398
2780 1611
2781 1044
2782 1662
2783 2218
2784 1656
2785 2968
2786 2554
2787 1112
2788 1758
2789 1700
2790 2223
2791 82
2792 1735
2793 1614
2794 853
2795 871
2796 1617
2797 911
2798 2408
2799 2555
2800 1853
2801 1160
2802 840
2803 1743
2804 76
2805 306
2806 2070
2807 1304
2808 459
2809 2591
2810 2690
2811 3434
2812 2672
2813 3037
2814 2194
2815 1779
2816 2459
2817 2431
2818 2729
2819 646
2820 2009
2821 2763
2822 1529
2823 3432
2824 3069
2825 3439
2826 221
2827 222
2828 268
2829 1074
2830 3408
2831 2872
2832 -1
2833 2770
2834 2797
2835 1486
2836 1574
2837 3051
2838 -1
2839 3265
2840 343
2841 344
2842 231
2843 2843
2844 1579
2845 2665
2846 1920
2847 2271
2848 513
2849 2601
2850 3021
2851 1683
2852 825
2853 2560
2854 3181
2855 3087
2856 2423
2857 147
2858 21
2859 394
2860 1465
2861 1788
2862 1445
2863 86
2864 3111
2865 2242
2866 878
2867 956
2868 2222
2869 3311
2870 1604
2871 796
2872 816
2873 3246
2874 929
2875 606
2876 2653
2877 979
2878 2342
2879 2412
2880 1466
2881 261
2882 297
2883 1498
2884 2028
2885 1794
2886 2775
2887 3556
2888 2317
2889 2528
2890 251
2891 1624
2892 2491
2893 2314
2894 1076
2895 2466
2896 2358
2897 2845
2898 1151
2899 2434
2900 307
2901 321
2902 1702
2903 2341
2904 2902
2905 1921
2906 331
2907 1561
2908 621
2909 2237
2910 -1
2911 3459
2912 1072
2913 3354
2914 3117
2915 827
2916 424
2917 1547
2918 1449
2919 252
2920 456
2921 1448
2922 1503
2923 3335
2924 2132
2925 1814
2926 685
2927 1973
2928 1874
2929 1940
2930 3205
2931 3189
2932 1818
2933 3034
2934 3388
2935 1926
2936 1538
2937 1554
2938 2462
2939 2169
2940 1754
2941 1367
2942 1809
2943 891
2944 781
2945 2873
2946 148
2947 668
2948 862
2949 776
2950 1533
2951 777
2952 2447
2953 749
2954 -1
2955 3395
2956 2033
2957 -1
2958 -1
2959 1073
2960 3138
2961 1107
2962 2467
2963 3153
2964 3146
2965 2568
2966 598
2967 1998
2968 483
2969 1916
2970 1522
2971 529
2972 386
2973 446
2974 1902
2975 232
2976 2017
2977 1895
2978 2319
2979 3158
2980 -1
2981 2784
2982 2453
2983 2265
2984 2785
2985 484
2986 460
2987 358
2988 2207
2989 835
2990 1233
2991 1217
2992 2338
2993 1510
2994 2957
2995 287
2996 1558
2997 233
2998 3370
2999 2328
3000 1509
3001 3455
3002 3168
3003 3270
3004 1792
3005 234
3006 198
3007 2202
3008 298
3009 -1
3010 2000
3011 892
3012 2508
3013 2340
3014 1377
3015 969
3016 244
3017 864
3018 677
3019 561
3020 1487
3021 2343
3022 70
3023 -1
3024 1432
3025 3096
3026 2717
3027 2742
3028 120
3029 1274
3030 384
3031 2325
3032 1427
3033 1023
3034 1407
3035 102
3036 1679
3037 113
3038 2257
3039 812
3040 1764
3041 2354
3042 2415
3043 2494
3044 939
3045 1616
3046 1176
3047 1944
3048 2552
3049 2300
3050 3163
3051 273
3052 510
3053 308
3054 1905
3055 2909
3056 3382
3057 3271
3058 3176
3059 -1
3060 925
3061 1570
3062 1684
3063 2583
3064 3151
3065 3444
3066 1851
3067 395
3068 246
3069 2205
3070 817
3071 874
3072 92
3073 1650
3074 1631
3075 440
3076 1811
3077 2365
3078 2012
3079 1330
3080 -1
3081 345
3082 1220
3083 1551
3084 3199
3085 3288
3086 718
3087 1599
3088 71
3089 441
3090 511
3091 1923
3092 2903
3093 1501
3094 702
3095 247
3096 1924
3097 889
3098 703
3099 1331
3100 1352
3101 821
3102 1414
3103 2251
3104 775
3105 797
3106 2284
3107 1218
3108 545
3109 2564
3110 1958
3111 7
3112 1332
3113 269
3114 352
3115 1996
3116 3106
3117 2771
3118 1582
3119 3275
3120 1607
3121 3241
3122 2783
3123 2154
3124 3053
3125 360
3126 3649
3127 2651
3128 380
3129 1261
3130 532
3131 3574
3132 659
3133 72
3134 1922
3135 1815
3136 3578
3137 2485
3138 1804
3139 2917
3140 3393
3141 2450
3142 2238
3143 951
3144 2477
3145 2256
3146 766
3147 304
3148 190
3149 373
3150 636
3151 3648
3152 289
3153 1525
3154 3571
3155 579
3156 436
3157 991
3158 2020
3159 277
3160 299
3161 3368
3162 3530
3163 1913
3164 3279
3165 1687
3166 3269
3167 971
3168 1524
3169 854
3170 -1
3171 2920
3172 3440
3173 1416
3174 1310
3175 97
3176 353
3177 2735
3178 2043
3179 361
3180 3200
3181 2755
3182 1918
3183 3090
3184 3576
3185 2688
3186 1773
3187 3407
3188 2025
3189 1867
3190 2799
3191 -1
3192 3185
3193 -1
3194 966
3195 -1
3196 199
3197 790
3198 652
3199 2375
3200 2115
3201 324
3202 3601
3203 262
3204 882
3205 3281
3206 1736
3207 2865
3208 696
3209 3647
3210 798
3211 2018
3212 3619
3213 2136
3214 2562
3215 2923
3216 3474
3217 2161
3218 2567
3219 322
3220 3626
3221 2287
3222 3190
3223 2557
3224 376
3225 1780
3226 -1
3227 -1
3228 3308
3229 3690
3230 1022
3231 -1
3232 2498
3233 3369
3234 -1
3235 2378
3236 3361
3237 3443
3238 1763
3239 3129
3240 2764
3241 2769
3242 3392
3243 2053
3244 1578
3245 3681
3246 558
3247 1322
3248 990
3249 1964
3250 1827
3251 1373
3252 578
3253 672
3254 2054
3255 570
3256 1224
3257 625
3258 2143
3259 1158
3260 980
3261 1200
3262 1731
3263 688
3264 1144
3265 377
3266 2036
3267 719
3268 2419
3269 1189
3270 237
3271 2203
3272 1408
3273 346
3274 1238
3275 2277
3276 3178
3277 3583
3278 -1
3279 -1
3280 3677
3281 1381
3282 926
3283 1816
3284 1861
3285 235
3286 2483
3287 2524
3288 2113
3289 18
3290 3283
3291 3702
3292 2468
3293 3371
3294 3603
3295 3580
3296 944
3297 3567
3298 2022
3299 2518
3300 333
3301 1480
3302 3054
3303 3072
3304 1935
3305 3465
3306 2624
3307 375
3308 905
3309 2627
3310 1949
3311 2229
3312 3607
3313 2613
3314 3186
3315 3703
3316 2349
3317 1730
3318 3278
3319 2686
3320 2844
3321 3664
3322 3512
3323 3026
3324 2250
3325 323
3326 2544
3327 1919
3328 2285
3329 362
3330 238
3331 1214
3332 -1
3333 3137
3334 593
3335 2044
3336 3684
3337 3347
3338 1791
3339 2313
3340 1096
3341 1484
3342 562
3343 1623
3344 2716
3345 1681
3346 3180
3347 1910
3348 -1
3349 2150
3350 923
3351 3336
3352 3211
3353 3204
3354 309
3355 2127
3356 -1
3357 2685
3358 1163
3359 214
3360 1450
3361 515
3362 225
3363 103
3364 588
3365 418
3366 1849
3367 2458
3368 1951
3369 -1
3370 1348
3371 1719
3372 2246
3373 2868
3374 1795
3375 2166
3376 3602
3377 3631
3378 3331
3379 310
3380 3624
3381 3469
3382 3027
3383 -1
3384 1553
3385 1462
3386 559
3387 1897
3388 848
3389 1727
3390 2149
3391 2060
3392 1444
3393 2382
3394 2411
3395 1385
3396 106
3397 1288
3398 1335
3399 2129
3400 2967
3401 1438
3402 2367
3403 2533
3404 784
3405 1215
3406 1456
3407 3312
3408 270
3409 2035
3410 3403
3411 -1
3412 1283
3413 3378
3414 2376
3415 2228
3416 1782
3417 2509
3418 521
3419 1545
3420 1817
3421 77
3422 822
3423 2448
3424 326
3425 2398
3426 566
3427 2361
3428 1821
3429 409
3430 1490
3431 2356
3432 2357
3433 2141
3434 2142
3435 586
3436 1203
3437 2066
3438 207
3439 1064
3440 1781
3441 1229
3442 1692
3443 1222
3444 1230
3445 2350
3446 2741
3447 475
3448 995
3449 830
3450 684
3451 1594
3452 1766
3453 2753
3454 2981
3455 -1
3456 2230
3457 2112
3458 3660
3459 1797
3460 3342
3461 516
3462 381
3463 3110
3464 2730
3465 2316
3466 1833
3467 274
3468 209
3469 202
3470 2756
3471 122
3472 2011
3473 2893
3474 2777
3475 1953
3476 1141
3477 1830
3478 1831
3479 1052
3480 1832
3481 1311
3482 3646
3483 2525
3484 1824
3485 3119
3486 2164
3487 2346
3488 2188
3489 1062
3490 2344
3491 1587
3492 2479
3493 3276
3494 930
3495 2061
3496 1270
3497 1602
3498 639
3499 653
3500 1799
3501 949
3502 1800
3503 1543
3504 226
3505 8
3506 1601
3507 1336
3508 188
3509 2482
3510 2353
3511 2662
3512 1481
3513 1789
3514 2738
3515 2740
3516 2103
3517 3535
3518 1337
3519 1482
3520 2107
3521 626
3522 2846
3523 3425
3524 841
3525 2159
3526 281
3527 485
3528 627
3529 1071
3530 2958
3531 2600
3532 2259
3533 2258
3534 1798
3535 1284
3536 1823
3537 2540
3538 1733
3539 2606
3540 3044
3541 -1
3542 3634
3543 192
3544 2055
3545 129
3546 982
3547 496
3548 87
3549 138
3550 640
3551 497
3552 828
3553 2681
3554 2535
3555 1099
3556 2506
3557 1999
3558 -1
3559 2226
3560 -1
3561 -1
3562 2609
3563 2630
3564 2105
3565 2211
3566 2682
3567 2853
3568 3475
3569 3148
3570 2288
3571 2289
3572 1434
3573 1439
3574 1442
3575 3589
3576 1353
3577 2352
3578 2481
3579 2534
3580 2541
3581 2854
3582 -1
3583 -1
3584 1068
3585 1961
3586 2611
3587 2156
3588 1793
3589 -1
3590 1069
3591 1070
3592 3394
3593 2253
3594 2748
3595 3132
3596 2538
3597 2542
3598 2225
3599 2584
3600 2104
3601 3359
3602 2106
3603 3294
3604 2108
3605 2109
3606 2227
3607 2472
3608 2110
3609 2986
3610 2111
3611 3362
3612 2796
3613 2569
3614 2152
3615 2802
3616 3273
3617 2536
3618 2539
3619 2543
3620 2513
3621 2537
3622 2470
3623 2765
3624 2733
3625 3384
3626 3002
3627 2861
3628 2737
3629 2743
3630 -1
3631 3652
3632 2869
3633 2718
3634 2694
3635 2720
3636 2757
3637 2834
3638 2719
3639 2693
3640 3047
3641 3332
3642 3094
3643 2736
3644 2758
3645 2744
3646 2985
3647 3658
3648 2997
3649 2818
3650 -1
3651 3306
3652 3060
3653 2862
3654 2821
3655 3018
3656 3045
3657 3046
3658 2962
3659 2998
3660 2860
3661 2900
3662 2993
3663 2948
3664 2949
3665 2992
3666 3418
3667 3014
3668 2801
3669 2864
3670 2924
3671 2805
3672 2876
3673 2901
3674 2898
3675 2841
3676 2813
3677 2874
3678 2871
3679 2910
3680 2897
3681 2822
3682 2832
3683 2806
3684 2804
3685 2826
3686 2823
3687 3620
3688 2827
3689 2835
3690 2836
3691 2907
3692 2912
3693 2842
3694 2984
3695 3121
3696 2999
3697 2819
3698 2828
3699 2839
3700 2829
3701 2833
3702 2816
3703 2825
3704 2815
3705 2863
3706 2820
3707 2840
3708 2824
3709 2950
3710 2925
3711 2848
3712 2812
3713 2870
3714 2991
3715 2914
3716 2931
3717 3013
3718 3140
3719 3050
3720 3135
3721 3215
3722 3697
3723 2947
3724 2927
3725 3006
3726 3035
3727 3001
3728 2954
3729 2934
3730 2928
3731 2929
3732 2930
3733 2932
3734 2933
3735 2935
3736 2969
3737 3095
3738 2936
3739 3039
3740 2926
3741 2959
3742 2946
3743 3088
3744 3020
3745 3058
3746 3066
3747 3141
3748 3695
3749 3264
3750 -1
3751 3071
3752 3112
3753 3073
3754 3063
3755 3124
3756 3687
3757 3182
3758 3086
3759 3157
3760 3082
3761 3183
3762 3346
3763 3064
3764 3074
3765 3142
3766 3078
3767 3120
3768 3097
3769 3089
3770 3085
3771 3079
3772 3477
3773 3080
3774 3109
3775 3143
3776 3169
3777 3319
3778 3144
3779 3458
3780 3100
3781 3076
3782 3077
3783 3155
3784 3114
3785 3179
3786 3296
3787 3255
3788 3118
3789 3123
3790 3254
3791 3113
3792 3125
3793 3251
3794 3290
3795 3257
3796 3318
3797 3292
3798 3274
3799 3240
3800 3345
3801 3242
3802 3239
3803 3272
3804 3247
3805 3291
3806 3231
3807 3245
3808 3280
3809 3233
3810 3243
3811 3234
3812 3230
3813 3238
3814 3232
3815 -1
3816 3330
3817 3250
3818 3248
3819 3235
3820 3325
3821 3322
3822 3317
3823 3383
3824 3376
3825 3348
3826 3367
3827 3326
3828 3454
3829 -1
3830 3433
3831 3316
3832 3297
3833 3337
3834 3298
3835 3299
3836 3300
3837 3323
3838 3334
3839 3324
3840 3302
3841 3295
3842 3430
3843 3321
3844 3301
3845 3315
3846 3303
3847 3333
3848 3338
3849 3313
3850 3350
3851 3457
3852 3437
3853 3467
3854 3544
3855 3462
3856 -1
3857 3421
3858 3401
3859 3379
3860 3414
3861 3380
3862 3685
3863 3428
3864 3377
3865 3466
3866 3390
3867 3463
3868 3405
3869 3399
3870 3410
3871 3413
3872 3406
3873 3400
3874 3445
3875 3417
3876 3423
3877 3402
3878 3446
3879 3451
3880 3438
3881 3547
3882 3452
3883 3524
3884 3436
3885 3527
3886 3447
3887 3565
3888 3694
3889 3481
3890 3572
3891 3569
3892 3604
3893 3480
3894 3521
3895 3502
3896 3507
3897 3479
3898 3508
3899 3605
3900 3570
3901 3499
3902 3554
3903 3501
3904 3596
3905 3683
3906 3595
3907 -1
3908 3492
3909 3514
3910 3503
3911 3520
3912 3588
3913 3528
3914 3522
3915 3504
3916 3516
3917 3493
3918 3494
3919 3495
3920 3500
3921 3496
3922 3497
3923 3511
3924 3534
3925 3482
3926 3483
3927 3484
3928 3510
3929 3506
3930 3498
3931 3513
3932 3505
3933 3548
3934 3540
3935 3546
3936 3485
3937 3486
3938 3487
3939 3488
3940 3489
3941 3490
3942 3491
3943 3542
3944 3566
3945 3541
3946 3536
3947 3525
3948 3523
3949 3551
3950 3558
3951 3575
3952 3531
