1 6033
2 6032
3 6031
4 6030
5 6029
6 6028
7 6027
8 6026
9 6025
10 6024
11 6023
12 6022
13 6021
14 6020
15 6019
16 6018
17 6017
18 6016
19 6015
20 6014
21 6013
22 6012
23 6011
24 6010
25 6009
26 6008
27 6007
28 6006
29 6005
30 6004
31 6003
32 6002
33 6001
34 6000
35 5999
36 5998
37 5997
38 5996
39 5995
40 5994
41 5993
42 5992
43 5991
44 5990
45 5989
46 5988
47 5987
48 5986
49 5985
50 5984
51 5983
52 5982
53 5981
54 5980
55 5979
56 5978
57 5977
58 5976
59 5975
60 5974
61 5973
62 5972
63 5971
64 5970
65 5969
66 5968
67 5967
68 5966
69 5965
70 5964
71 5963
72 5962
73 5961
74 5960
75 5959
76 5958
77 5957
78 5956
79 5955
80 5954
81 5953
82 5952
83 5950
84 5949
85 5948
86 5947
87 5946
88 5945
89 5944
90 5943
91 5942
92 5941
93 5940
94 5939
95 5938
96 5937
97 5936
98 5935
99 5934
100 5933
101 5932
102 5931
103 5930
104 5929
105 5928
106 5927
107 5926
108 5925
109 5924
110 5923
111 5922
112 5921
113 5920
114 5919
115 5918
116 5917
117 5916
118 5915
119 5914
120 5913
121 5912
122 5911
123 5910
124 5909
125 5908
126 5907
127 5906
128 5905
129 5904
130 5903
131 5901
132 5900
133 5899
134 5897
135 5896
136 5898
137 5895
138 5894
139 5893
140 5892
141 5891
142 5890
143 5889
144 5888
145 5887
146 5886
147 5885
148 5884
149 5883
150 5882
151 5881
152 5880
153 5879
154 5878
155 5877
156 5876
157 5875
158 5874
159 6035
160 5873
161 5872
162 5871
163 5870
164 5869
165 5868
166 5867
167 5866
168 5865
169 5864
170 5863
171 5862
172 5861
173 5860
174 5859
175 5858
176 5857
177 5856
178 5855
179 5854
180 5853
181 5852
182 5851
183 5850
184 5849
185 5848
186 5847
187 5846
188 5845
189 5844
190 5843
191 5842
192 5841
193 5840
194 5839
195 5838
196 5837
197 5836
198 5835
199 5834
200 5833
201 5832
202 5831
203 5830
204 5829
205 5828
206 5827
207 5826
208 5825
209 5824
210 5823
211 5822
212 5821
213 5820
214 5819
215 5818
216 5817
217 5816
218 5815
219 5814
220 5813
221 5812
222 5811
223 5810
224 5809
225 5807
226 5808
227 5806
228 5805
229 5804
230 5803
231 5802
232 5801
233 5800
234 5798
235 5797
236 5796
237 5795
238 5794
239 5793
240 5792
241 5791
242 5790
243 5789
244 5788
245 5787
246 5786
247 5785
248 5784
249 5783
250 5782
251 5781
252 5779
253 5778
254 5777
255 5776
256 5775
257 5774
258 5773
259 5772
260 5771
261 5770
262 5769
263 5768
264 5767
265 5766
266 5765
267 5764
268 5763
269 5762
270 5761
271 5760
272 5780
273 5799
274 5759
275 5758
276 5757
277 5756
278 5755
279 5754
280 5753
281 5752
282 5751
283 5750
284 5749
285 5748
286 5747
287 5746
288 5745
289 5744
290 5743
291 5742
292 5741
293 5740
294 5739
295 5738
296 5737
297 5736
298 5735
299 5734
300 5733
301 5732
302 5731
303 5730
304 5729
305 5728
306 5727
307 5726
308 5725
309 5724
310 5723
311 5722
312 5721
313 5720
314 5719
315 5718
316 5717
317 5716
318 5715
319 5714
320 5713
321 5712
322 5711
323 5710
324 5709
325 5708
326 5707
327 5706
328 5705
329 5704
330 5703
331 5702
332 5701
333 5700
334 5699
335 5698
336 5697
337 5696
338 5695
339 5694
340 5693
341 5692
342 5691
343 5690
344 5689
345 5688
346 5687
347 5686
348 5685
349 6037
350 5684
351 5683
352 5682
353 5681
354 5680
355 5679
356 5678
357 5677
358 5676
359 5675
360 5674
361 5673
362 5672
363 5671
364 5670
365 5669
366 5668
367 5667
368 5665
369 5666
370 5664
371 5663
372 5662
373 5661
374 5660
375 5659
376 5658
377 5657
378 5656
379 5655
380 5653
381 5654
382 5652
383 5650
384 5651
385 5649
386 5648
387 5647
388 5646
389 5645
390 5644
391 5643
392 5642
393 5641
394 5639
395 5640
396 5638
397 5636
398 5637
399 5635
400 5634
401 5633
402 5632
403 5631
404 5630
405 5628
406 5627
407 5626
408 5625
409 5624
410 5623
411 5622
412 5621
413 5620
414 5619
415 5618
416 5617
417 5616
418 5615
419 5629
420 5614
421 5613
422 5612
423 5610
424 5611
425 5609
426 5608
427 5607
428 5606
429 5605
430 5604
431 5603
432 5602
433 5601
434 5600
435 5599
436 5598
437 5597
438 5596
439 5595
440 5594
441 5593
442 5592
443 5591
444 5590
445 5589
446 5588
447 5587
448 5586
449 5585
450 5584
451 5583
452 5582
453 5581
454 5580
455 5579
456 5578
457 5577
458 5576
459 5575
460 5574
461 5573
462 5572
463 5571
464 5569
465 5570
466 5568
467 5567
468 5566
469 5565
470 5564
471 5563
472 5562
473 5561
474 5560
475 5559
476 5558
477 5557
478 5556
479 5555
480 5554
481 5553
482 5552
483 5551
484 5550
485 5549
486 5548
487 5547
488 5546
489 5545
490 5544
491 5543
492 5542
493 5541
494 5540
495 5539
496 5538
497 5537
498 5536
499 5535
500 5533
501 5534
502 5532
503 5531
504 5530
505 5529
506 5528
507 5527
508 5526
509 5524
510 5523
511 5525
512 5522
513 5521
514 5520
515 5519
516 5518
517 5517
518 5516
519 5515
520 5514
521 5513
522 5512
523 5511
524 5510
525 5509
526 5508
527 5507
528 5506
529 5505
530 5504
531 5503
532 5502
533 5501
534 5499
535 5500
536 5498
537 5497
538 5496
539 5495
540 5494
541 5493
542 5492
543 5490
544 5491
545 5489
546 5488
547 5487
548 5486
549 5485
550 5484
551 5483
552 5482
553 5481
554 5480
555 5479
556 5478
557 5477
558 5476
559 5474
560 5475
561 5473
562 5472
563 5471
564 5470
565 5469
566 5468
567 5467
568 5466
569 5465
570 5464
571 5463
572 5462
573 5461
574 5460
575 5459
576 5458
577 5457
578 5456
579 5455
580 5454
581 5453
582 5452
583 5451
584 5450
585 5449
586 5448
587 5447
588 5446
589 5445
590 5444
591 5443
592 5442
593 5441
594 5440
595 5439
596 5438
597 5437
598 5436
599 5435
600 5434
601 5433
602 5432
603 5431
604 5430
605 5429
606 5428
607 5427
608 5426
609 5425
610 5424
611 5423
612 5422
613 5421
614 5420
615 5419
616 5418
617 5417
618 5416
619 5415
620 5414
621 5413
622 5412
623 5411
624 5410
625 5409
626 5408
627 5407
628 5405
629 5406
630 5404
631 5403
632 5402
633 5401
634 5400
635 5399
636 5398
637 5397
638 5396
639 5395
640 5394
641 5393
642 5392
643 5391
644 5390
645 5389
646 5388
647 5387
648 5386
649 5385
650 5384
651 5383
652 5382
653 5381
654 5380
655 5379
656 5378
657 5377
658 5376
659 5375
660 5374
661 5373
662 5372
663 5371
664 5370
665 5369
666 5368
667 5367
668 5366
669 5365
670 5364
671 5363
672 5362
673 5361
674 5360
675 5359
676 5358
677 5357
678 5356
679 5355
680 5354
681 5353
682 5351
683 5352
684 5350
685 5349
686 5348
687 5347
688 5346
689 5345
690 5344
691 5343
692 5342
693 5341
694 5340
695 5339
696 5338
697 5337
698 5336
699 5335
700 5334
701 5333
702 5332
703 5331
704 5330
705 5329
706 5328
707 5327
708 5326
709 5325
710 5324
711 5323
712 5322
713 5321
714 5320
715 5319
716 5318
717 5317
718 5316
719 5315
720 5314
721 5313
722 5312
723 5311
724 5310
725 5309
726 5308
727 5307
728 5306
729 5305
730 5304
731 5303
732 5302
733 5301
734 5300
735 5299
736 5298
737 5297
738 5296
739 5295
740 5294
741 5293
742 5292
743 5291
744 5290
745 5289
746 5288
747 5287
748 5285
749 5284
750 5283
751 5282
752 5281
753 5280
754 5279
755 5278
756 5277
757 5276
758 5275
759 5274
760 5273
761 5272
762 5271
763 5270
764 5269
765 5268
766 5267
767 5266
768 5265
769 5264
770 5263
771 5262
772 5261
773 5260
774 5259
775 5257
776 5258
777 5256
778 5255
779 5254
780 5253
781 5252
782 5251
783 5250
784 5249
785 5248
786 5246
787 5247
788 5245
789 5244
790 5243
791 5242
792 5241
793 5240
794 5239
795 5238
796 5237
797 5236
798 5235
799 5234
800 5233
801 5232
802 5231
803 5230
804 5229
805 5228
806 5227
807 5225
808 5224
809 5223
810 5222
811 5221
812 5226
813 5220
814 5218
815 5219
816 5217
817 5216
818 5215
819 5214
820 5213
821 5212
822 5211
823 5210
824 5209
825 5208
826 5207
827 5206
828 5205
829 5204
830 5203
831 5202
832 5201
833 5200
834 5199
835 5198
836 5197
837 5196
838 5195
839 5194
840 5193
841 5191
842 5190
843 5192
844 5189
845 5188
846 5187
847 5186
848 5185
849 5184
850 5183
851 5182
852 5181
853 5180
854 5179
855 5286
856 5178
857 5177
858 5176
859 5175
860 5174
861 5173
862 5172
863 5171
864 5170
865 5169
866 5168
867 5167
868 5166
869 5165
870 5164
871 5163
872 5162
873 5161
874 5160
875 5159
876 5158
877 5157
878 5156
879 5155
880 5154
881 5153
882 5152
883 5151
884 5150
885 5149
886 5148
887 5147
888 5146
889 5145
890 5144
891 5143
892 5142
893 5141
894 5140
895 5139
896 5138
897 5137
898 5136
899 5135
900 5134
901 5133
902 5132
903 5131
904 5130
905 5129
906 5128
907 5127
908 5126
909 5125
910 5124
911 5123
912 5122
913 5121
914 5120
915 5119
916 5117
917 5116
918 5118
919 5115
920 5114
921 5113
922 5112
923 5111
924 5110
925 5109
926 5108
927 5106
928 5105
929 5104
930 5103
931 5102
932 5101
933 5100
934 5099
935 5098
936 5097
937 5096
938 5094
939 5095
940 5093
941 5092
942 5091
943 5090
944 5088
945 5087
946 5086
947 5085
948 5084
949 5083
950 5081
951 5082
952 5080
953 5079
954 5078
955 5077
956 5076
957 5075
958 5074
959 5073
960 5072
961 5071
962 5070
963 5069
964 5067
965 5068
966 5065
967 5066
968 5064
969 5063
970 5062
971 5061
972 5060
973 5059
974 5058
975 5057
976 5056
977 5055
978 5054
979 5053
980 5052
981 5051
982 5050
983 5049
984 5048
985 5047
986 5046
987 5045
988 5044
989 5043
990 5042
991 5041
992 5040
993 5038
994 5037
995 5036
996 5035
997 5034
998 5033
999 5032
1000 5031
1001 5030
1002 5028
1003 5027
1004 5029
1005 5026
1006 5025
1007 5024
1008 5023
1009 5022
1010 5021
1011 5020
1012 5039
1013 5019
1014 5018
1015 5017
1016 5016
1017 5015
1018 5014
1019 5013
1020 5012
1021 5011
1022 5010
1023 5009
1024 5008
1025 5006
1026 5007
1027 5005
1028 5004
1029 5003
1030 5002
1031 5001
1032 5000
1033 4999
1034 4998
1035 4997
1036 4996
1037 4995
1038 4994
1039 4993
1040 4992
1041 4991
1042 4990
1043 4989
1044 4988
1045 4987
1046 4986
1047 4985
1048 4984
1049 4983
1050 4982
1051 4981
1052 4980
1053 4978
1054 4977
1055 4976
1056 4975
1057 4974
1058 4973
1059 4972
1060 4971
1061 4970
1062 4969
1063 4968
1064 4967
1065 4966
1066 4965
1067 4964
1068 4963
1069 4962
1070 4960
1071 4959
1072 4961
1073 4958
1074 4957
1075 4955
1076 4956
1077 4954
1078 4953
1079 4952
1080 4951
1081 4949
1082 4950
1083 4948
1084 4947
1085 4946
1086 4945
1087 4944
1088 4943
1089 4942
1090 4941
1091 4940
1092 4939
1093 4938
1094 4937
1095 4936
1096 4935
1097 4934
1098 4933
1099 4931
1100 4930
1101 4929
1102 4928
1103 4927
1104 4926
1105 4925
1106 4924
1107 4923
1108 4921
1109 4920
1110 4922
1111 4919
1112 4918
1113 4917
1114 4916
1115 4915
1116 4914
1117 4913
1118 4932
1119 4912
1120 4911
1121 4910
1122 4909
1123 4908
1124 4907
1125 4906
1126 4905
1127 4904
1128 4902
1129 4903
1130 4901
1131 4900
1132 4899
1133 4898
1134 4897
1135 4896
1136 4895
1137 4894
1138 4893
1139 4891
1140 4892
1141 4889
1142 4890
1143 4888
1144 4887
1145 4886
1146 4885
1147 4884
1148 4883
1149 4882
1150 4881
1151 4879
1152 4878
1153 4877
1154 4876
1155 4875
1156 4874
1157 4873
1158 4872
1159 4871
1160 4870
1161 4869
1162 4868
1163 4866
1164 4867
1165 4865
1166 4864
1167 4863
1168 4862
1169 4861
1170 4860
1171 4859
1172 4858
1173 4857
1174 4856
1175 4855
1176 4854
1177 4853
1178 4852
1179 4851
1180 4850
1181 4849
1182 4848
1183 4847
1184 4846
1185 4845
1186 4842
1187 4844
1188 4843
1189 4840
1190 4839
1191 4841
1192 4838
1193 4837
1194 4836
1195 4835
1196 4834
1197 4833
1198 4832
1199 4831
1200 4830
1201 4829
1202 4828
1203 4827
1204 4826
1205 4825
1206 4824
1207 4823
1208 4822
1209 4821
1210 4820
1211 4816
1212 4818
1213 4819
1214 4817
1215 4815
1216 4814
1217 4813
1218 4812
1219 4811
1220 4810
1221 4809
1222 4807
1223 4806
1224 4808
1225 4805
1226 4804
1227 4801
1228 4803
1229 4800
1230 4799
1231 4802
1232 4798
1233 4797
1234 4796
1235 4795
1236 4794
1237 4792
1238 4793
1239 4791
1240 4790
1241 4789
1242 4788
1243 4787
1244 4786
1245 4785
1246 4784
1247 4783
1248 4782
1249 4781
1250 4780
1251 4779
1252 4778
1253 4777
1254 4776
1255 4773
1256 4774
1257 4775
1258 4772
1259 4771
1260 4770
1261 4768
1262 4767
1263 4766
1264 4765
1265 6036
1266 4764
1267 4763
1268 4762
1269 4761
1270 4760
1271 4759
1272 4758
1273 4757
1274 4756
1275 4755
1276 4754
1277 4753
1278 4752
1279 4750
1280 4749
1281 4748
1282 4747
1283 4751
1284 4746
1285 4745
1286 4744
1287 5951
1288 4743
1289 4742
1290 4741
1291 4740
1292 4739
1293 4737
1294 4738
1295 4736
1296 4735
1297 4734
1298 4733
1299 4730
1300 4731
1301 4729
1302 4732
1303 4728
1304 4727
1305 4726
1306 4725
1307 4724
1308 4723
1309 4722
1310 4721
1311 4720
1312 4719
1313 4718
1314 4717
1315 4716
1316 4713
1317 4714
1318 4715
1319 4712
1320 4711
1321 4710
1322 4709
1323 4708
1324 4706
1325 4704
1326 4705
1327 4707
1328 4703
1329 4702
1330 4701
1331 4700
1332 4699
1333 4698
1334 4697
1335 4696
1336 4695
1337 4694
1338 4692
1339 4693
1340 4691
1341 4690
1342 4689
1343 4688
1344 4687
1345 4686
1346 4685
1347 4684
1348 4683
1349 4682
1350 4681
1351 4680
1352 4679
1353 4678
1354 4677
1355 4676
1356 4675
1357 4674
1358 4673
1359 4672
1360 4671
1361 4670
1362 4669
1363 4667
1364 4666
1365 4668
1366 4665
1367 4664
1368 4663
1369 4662
1370 4661
1371 4660
1372 4659
1373 4658
1374 4657
1375 4656
1376 4655
1377 4654
1378 4652
1379 4653
1380 4650
1381 4649
1382 4651
1383 4648
1384 4647
1385 4646
1386 4645
1387 4644
1388 4642
1389 4641
1390 4640
1391 4643
1392 4639
1393 4636
1394 4637
1395 4638
1396 4635
1397 4633
1398 4634
1399 4632
1400 4631
1401 4629
1402 4628
1403 4627
1404 4626
1405 4625
1406 4624
1407 4623
1408 4622
1409 4621
1410 4630
1411 4620
1412 4619
1413 4618
1414 4617
1415 4615
1416 4614
1417 4616
1418 4613
1419 4612
1420 4611
1421 4610
1422 4609
1423 4606
1424 4608
1425 4607
1426 4605
1427 4604
1428 5089
1429 4602
1430 4601
1431 4603
1432 4600
1433 4599
1434 4598
1435 4597
1436 4596
1437 4595
1438 4594
1439 4593
1440 4592
1441 4591
1442 4590
1443 4588
1444 4589
1445 4585
1446 4584
1447 4586
1448 4583
1449 4587
1450 4582
1451 4580
1452 4579
1453 4578
1454 4577
1455 4581
1456 4576
1457 4575
1458 4574
1459 4573
1460 4572
1461 4571
1462 4570
1463 4568
1464 4569
1465 4567
1466 4566
1467 4564
1468 4563
1469 4562
1470 4560
1471 4561
1472 4559
1473 4557
1474 4556
1475 4558
1476 4554
1477 4555
1478 4553
1479 4552
1480 4565
1481 4551
1482 4550
1483 4549
1484 4547
1485 4548
1486 4546
1487 4545
1488 4544
1489 4543
1490 4542
1491 4541
1492 4540
1493 4538
1494 4539
1495 4537
1496 4536
1497 4534
1498 4535
1499 4533
1500 4531
1501 4530
1502 4532
1503 4529
1504 4528
1505 4979
1506 4526
1507 4525
1508 4524
1509 4523
1510 4522
1511 4521
1512 4520
1513 4519
1514 4518
1515 4517
1516 4516
1517 4514
1518 4515
1519 4513
1520 4512
1521 4510
1522 4511
1523 4509
1524 4508
1525 4507
1526 4506
1527 4505
1528 4504
1529 4503
1530 4502
1531 4501
1532 4500
1533 4499
1534 4498
1535 4496
1536 4497
1537 4495
1538 4494
1539 4493
1540 4491
1541 4492
1542 4490
1543 4489
1544 4488
1545 4487
1546 4486
1547 4485
1548 4483
1549 4482
1550 4481
1551 4484
1552 4480
1553 4479
1554 4478
1555 4477
1556 4476
1557 4769
1558 4475
1559 4474
1560 4473
1561 4472
1562 4471
1563 4470
1564 4468
1565 4469
1566 4467
1567 4466
1568 4465
1569 4464
1570 4463
1571 4462
1572 4461
1573 4460
1574 4458
1575 4459
1576 4457
1577 4456
1578 4455
1579 4452
1580 4454
1581 4527
1582 4453
1583 4451
1584 4450
1585 4449
1586 4448
1587 4447
1588 4446
1589 4445
1590 4444
1591 4443
1592 4442
1593 4441
1594 4440
1595 4439
1596 4438
1597 4437
1598 4436
1599 4435
1600 4434
1601 4433
1602 4432
1603 4431
1604 4430
1605 4429
1606 4428
1607 4427
1608 4425
1609 4424
1610 4423
1611 4422
1612 4421
1613 4420
1614 4418
1615 4419
1616 4417
1617 4414
1618 4415
1619 4416
1620 4413
1621 4412
1622 4411
1623 4410
1624 4409
1625 4408
1626 4407
1627 4406
1628 4403
1629 4404
1630 4405
1631 4402
1632 4401
1633 4400
1634 4398
1635 4399
1636 4397
1637 4396
1638 4395
1639 4394
1640 4393
1641 4390
1642 4392
1643 4391
1644 4389
1645 4388
1646 4387
1647 4386
1648 4385
1649 4384
1650 4383
1651 4382
1652 4381
1653 4380
1654 4376
1655 4377
1656 4379
1657 4378
1658 4375
1659 4374
1660 4373
1661 4372
1662 4371
1663 4370
1664 4369
1665 4368
1666 4367
1667 4366
1668 4364
1669 4362
1670 4365
1671 4363
1672 4360
1673 4361
1674 4359
1675 4358
1676 4356
1677 4357
1678 4355
1679 4354
1680 4353
1681 4351
1682 4350
1683 4349
1684 4347
1685 4346
1686 4344
1687 4345
1688 4343
1689 4348
1690 4352
1691 4341
1692 4342
1693 4339
1694 4338
1695 4336
1696 4340
1697 4334
1698 4333
1699 4337
1700 4331
1701 4332
1702 4335
1703 4330
1704 4329
1705 4328
1706 4327
1707 4326
1708 4325
1709 4324
1710 4323
1711 4322
1712 4321
1713 4320
1714 4318
1715 4316
1716 4319
1717 4315
1718 4314
1719 4309
1720 4311
1721 4310
1722 4308
1723 4313
1724 4312
1725 4305
1726 4306
1727 4307
1728 4304
1729 4301
1730 4302
1731 4303
1732 4300
1733 4298
1734 4299
1735 4297
1736 4296
1737 4295
1738 4294
1739 4293
1740 4292
1741 4317
1742 4291
1743 4290
1744 4289
1745 4287
1746 4286
1747 4285
1748 4288
1749 4283
1750 4284
1751 4282
1752 4280
1753 4279
1754 4281
1755 4278
1756 4274
1757 4276
1758 4275
1759 4273
1760 4272
1761 4277
1762 4267
1763 4270
1764 4269
1765 4271
1766 4268
1767 4266
1768 4264
1769 4263
1770 4265
1771 4262
1772 4261
1773 4257
1774 4260
1775 4259
1776 4258
1777 4256
1778 4254
1779 4253
1780 4252
1781 4251
1782 4250
1783 4248
1784 4247
1785 4249
1786 4255
1787 4243
1788 4246
1789 4245
1790 4241
1791 4242
1792 4239
1793 4237
1794 4240
1795 4238
1796 4236
1797 4235
1798 4233
1799 4234
1800 4232
1801 4231
1802 4230
1803 4229
1804 4226
1805 4225
1806 4227
1807 4223
1808 4221
1809 4220
1810 4222
1811 4217
1812 4216
1813 4218
1814 4215
1815 4228
1816 4214
1817 4213
1818 4212
1819 4211
1820 4210
1821 4219
1822 4205
1823 4208
1824 4200
1825 4426
1826 4203
1827 4209
1828 4207
1829 4206
1830 4199
1831 4224
1832 4201
1833 4196
1834 4198
1835 4197
1836 4202
1837 4195
1838 4194
1839 4193
1840 4192
1841 4191
1842 4190
1843 4187
1844 4186
1845 4204
1846 4185
1847 4189
1848 4188
1849 4184
1850 4183
1851 4182
1852 4181
1853 4880
1854 4180
1855 4179
1856 4178
1857 4177
1858 4176
1859 4173
1860 4175
1861 4174
1862 4172
1863 4171
1864 4170
1865 4169
1866 4168
1867 4167
1868 4166
1869 4165
1870 4164
1871 4163
1872 4162
1873 4160
1874 4161
1875 4244
1876 4159
1877 5902
1878 4158
1879 4155
1880 4153
1881 4152
1882 4151
1883 4154
1884 4156
1885 4148
1886 4147
1887 4150
1888 4146
1889 4144
1890 4145
1891 4143
1892 4140
1893 4139
1894 4135
1895 4141
1896 4136
1897 4149
1898 4137
1899 4138
1900 4131
1901 4130
1902 4129
1903 4127
1904 4124
1905 4126
1906 4123
1907 4128
1908 4125
1909 4121
1910 4134
1911 4122
1912 4120
1913 4142
1914 4119
1915 4133
1916 4118
1917 4115
1918 4117
1919 4114
1920 4111
1921 4110
1922 4112
1923 4109
1924 4107
1925 4108
1926 4104
1927 4106
1928 4103
1929 4105
1930 4116
1931 4102
1932 4157
1933 4132
1934 4101
1935 4097
1936 4113
1937 4090
1938 4096
1939 4098
1940 4100
1941 4094
1942 4095
1943 4093
1944 4089
1945 4086
1946 4087
1947 4099
1948 4085
1949 4091
1950 4092
1951 4082
1952 4083
1953 4088
1954 4084
1955 4081
1956 4080
1957 4079
1958 4078
1959 4077
1960 4076
1961 4075
1962 4074
1963 4073
1964 4072
1965 4071
1966 4070
1967 4068
1968 4067
1969 4066
1970 4069
1971 4064
1972 4065
1973 4062
1974 4060
1975 4061
1976 4063
1977 4059
1978 4058
1979 4057
1980 4056
1981 4055
1982 4054
1983 4052
1984 4053
1985 4049
1986 4050
1987 4051
1988 4048
1989 4047
1990 4046
1991 4045
1992 4044
1993 4043
1994 4042
1995 4041
1996 4040
1997 4039
1998 4038
1999 4037
2000 4036
2001 4035
2002 4033
2003 4034
2004 4032
2005 4029
2006 4031
2007 4030
2008 4028
2009 4027
2010 4026
2011 4025
2012 4024
2013 4023
2014 4022
2015 4021
2016 4020
2017 4019
2018 4018
2019 4017
2020 4015
2021 4016
2022 4014
2023 4013
2024 4012
2025 4011
2026 4010
2027 4009
2028 4008
2029 4007
2030 4006
2031 4005
2032 4004
2033 4003
2034 4002
2035 4001
2036 3999
2037 4000
2038 3998
2039 3996
2040 3997
2041 3995
2042 3994
2043 3993
2044 3992
2045 3991
2046 3990
2047 3989
2048 3988
2049 3987
2050 3986
2051 3985
2052 3984
2053 3983
2054 3982
2055 3981
2056 3980
2057 3978
2058 3979
2059 3977
2060 3976
2061 3975
2062 3974
2063 3973
2064 3971
2065 3972
2066 3970
2067 3969
2068 3968
2069 3967
2070 3966
2071 3965
2072 3964
2073 3963
2074 3962
2075 3960
2076 3961
2077 3959
2078 3958
2079 3957
2080 3956
2081 3955
2082 3954
2083 3953
2084 3952
2085 3950
2086 3951
2087 3949
2088 3947
2089 3948
2090 3946
2091 3945
2092 3944
2093 3942
2094 3943
2095 3941
2096 3940
2097 3939
2098 3938
2099 3937
2100 3936
2101 3935
2102 3934
2103 3933
2104 3932
2105 3931
2106 3930
2107 3929
2108 3928
2109 3927
2110 3926
2111 3925
2112 3924
2113 3923
2114 3922
2115 3921
2116 3920
2117 3919
2118 3918
2119 3917
2120 3916
2121 3915
2122 3914
2123 3912
2124 3913
2125 3911
2126 3910
2127 3909
2128 3908
2129 3907
2130 3906
2131 3905
2132 3904
2133 3903
2134 3902
2135 3901
2136 3900
2137 3899
2138 3898
2139 3897
2140 3896
2141 3895
2142 3894
2143 3893
2144 3892
2145 3891
2146 3890
2147 3889
2148 3888
2149 3887
2150 3885
2151 3886
2152 3884
2153 3883
2154 3882
2155 3881
2156 3880
2157 3879
2158 3878
2159 3877
2160 3876
2161 3875
2162 3874
2163 3873
2164 3872
2165 3871
2166 3870
2167 3869
2168 3868
2169 3866
2170 3867
2171 3865
2172 3864
2173 3863
2174 3862
2175 3860
2176 3861
2177 3859
2178 3858
2179 3857
2180 3856
2181 3855
2182 3853
2183 3854
2184 3852
2185 3850
2186 3849
2187 3851
2188 3848
2189 3847
2190 3846
2191 3843
2192 3842
2193 3844
2194 3845
2195 3841
2196 3840
2197 3838
2198 3839
2199 3837
2200 3836
2201 3835
2202 3834
2203 3832
2204 3833
2205 3831
2206 3830
2207 3828
2208 3829
2209 3827
2210 3826
2211 3825
2212 3823
2213 3824
2214 3822
2215 3821
2216 3820
2217 3819
2218 3818
2219 3817
2220 3816
2221 3815
2222 3814
2223 3813
2224 3811
2225 3812
2226 3810
2227 3809
2228 3808
2229 3807
2230 3806
2231 3805
2232 3804
2233 3803
2234 3802
2235 3800
2236 3801
2237 3799
2238 3798
2239 3797
2240 3796
2241 3793
2242 3792
2243 3791
2244 3790
2245 3795
2246 3789
2247 5107
2248 3788
2249 3794
2250 3786
2251 3787
2252 3785
2253 3784
2254 3783
2255 3782
2256 3781
2257 3780
2258 3779
2259 3778
2260 3777
2261 3776
2262 3775
2263 3774
2264 3773
2265 3772
2266 3771
2267 3770
2268 3769
2269 3768
2270 3767
2271 3766
2272 3765
2273 3764
2274 3763
2275 3762
2276 3761
2277 3760
2278 3759
2279 3758
2280 3757
2281 3756
2282 3755
2283 3754
2284 3753
2285 3752
2286 3751
2287 3750
2288 3749
2289 3748
2290 3747
2291 3746
2292 3745
2293 3744
2294 3743
2295 3742
2296 3741
2297 3740
2298 3739
2299 3738
2300 3737
2301 3736
2302 3735
2303 3734
2304 3733
2305 3732
2306 3731
2307 3730
2308 3729
2309 3728
2310 3727
2311 3726
2312 3725
2313 3724
2314 3723
2315 3722
2316 3721
2317 3720
2318 3719
2319 3718
2320 3717
2321 3716
2322 3715
2323 3714
2324 3713
2325 3712
2326 3711
2327 3710
2328 3709
2329 3708
2330 3707
2331 3706
2332 3705
2333 3704
2334 3703
2335 3702
2336 3701
2337 3700
2338 3699
2339 3698
2340 3697
2341 3696
2342 3694
2343 3695
2344 3693
2345 3692
2346 3691
2347 3690
2348 3688
2349 3689
2350 3687
2351 3686
2352 3684
2353 3685
2354 3683
2355 3682
2356 3681
2357 3680
2358 3679
2359 3678
2360 3677
2361 3676
2362 3675
2363 3674
2364 3673
2365 3672
2366 3671
2367 3670
2368 3669
2369 3668
2370 3667
2371 3666
2372 3665
2373 3664
2374 3663
2375 3662
2376 3661
2377 3660
2378 3658
2379 3659
2380 3657
2381 3656
2382 3655
2383 3654
2384 3653
2385 3652
2386 3651
2387 3650
2388 3649
2389 3648
2390 3647
2391 3646
2392 3645
2393 3644
2394 3643
2395 3642
2396 3641
2397 3640
2398 3639
2399 3638
2400 3637
2401 3636
2402 3635
2403 3634
2404 3633
2405 3632
2406 3631
2407 3630
2408 3629
2409 3628
2410 3627
2411 3626
2412 3625
2413 3624
2414 3623
2415 3621
2416 3622
2417 3620
2418 3619
2419 3618
2420 3616
2421 3615
2422 3614
2423 3613
2424 3612
2425 3617
2426 3611
2427 3610
2428 3609
2429 3608
2430 3605
2431 3604
2432 3606
2433 3602
2434 3607
2435 3601
2436 3600
2437 3603
2438 3599
2439 3598
2440 3597
2441 3596
2442 3595
2443 3594
2444 3593
2445 3592
2446 3591
2447 3590
2448 3589
2449 3588
2450 3587
2451 3586
2452 3585
2453 3584
2454 3583
2455 3582
2456 3581
2457 3580
2458 3579
2459 3578
2460 3577
2461 3576
2462 3574
2463 3575
2464 3573
2465 3572
2466 3571
2467 3570
2468 3569
2469 3568
2470 3567
2471 3566
2472 3565
2473 3564
2474 3563
2475 3562
2476 3560
2477 3561
2478 3559
2479 3558
2480 3557
2481 3556
2482 3555
2483 3554
2484 3553
2485 3552
2486 3551
2487 3550
2488 3549
2489 3548
2490 3547
2491 3546
2492 3545
2493 3544
2494 3543
2495 3542
2496 3541
2497 3540
2498 3539
2499 3538
2500 3537
2501 3536
2502 3535
2503 3534
2504 3533
2505 3532
2506 3531
2507 3530
2508 3529
2509 3528
2510 3527
2511 3526
2512 3525
2513 3524
2514 3523
2515 3522
2516 3521
2517 3520
2518 3519
2519 3518
2520 3517
2521 3516
2522 3515
2523 3514
2524 3513
2525 3512
2526 3511
2527 3510
2528 3509
2529 3508
2530 3507
2531 3506
2532 3505
2533 3504
2534 3503
2535 3501
2536 3502
2537 3500
2538 3499
2539 3498
2540 3497
2541 3496
2542 3495
2543 3494
2544 3493
2545 3492
2546 3491
2547 3490
2548 3489
2549 3488
2550 3487
2551 3486
2552 3485
2553 3484
2554 3483
2555 3482
2556 3481
2557 3480
2558 3479
2559 3478
2560 3477
2561 3476
2562 3475
2563 3474
2564 3473
2565 3472
2566 3471
2567 3470
2568 3469
2569 3468
2570 3467
2571 3466
2572 3465
2573 3464
2574 3463
2575 3462
2576 3461
2577 3460
2578 3459
2579 3458
2580 3457
2581 3456
2582 3455
2583 3454
2584 3452
2585 3453
2586 3451
2587 3450
2588 3449
2589 3448
2590 3447
2591 3446
2592 3445
2593 3444
2594 3443
2595 3442
2596 3441
2597 3439
2598 3438
2599 3437
2600 3436
2601 3440
2602 3435
2603 3434
2604 3433
2605 3432
2606 3431
2607 3430
2608 3429
2609 3428
2610 3427
2611 3426
2612 3425
2613 3424
2614 3423
2615 3422
2616 3421
2617 3420
2618 3419
2619 3418
2620 3417
2621 3416
2622 3415
2623 3414
2624 3413
2625 3412
2626 3411
2627 3410
2628 3409
2629 3408
2630 3407
2631 3406
2632 3405
2633 3404
2634 3403
2635 3402
2636 3401
2637 3400
2638 3399
2639 3398
2640 3397
2641 3396
2642 3395
2643 3394
2644 3393
2645 3392
2646 3391
2647 3390
2648 3388
2649 3387
2650 3386
2651 3385
2652 3384
2653 3383
2654 3389
2655 3382
2656 3381
2657 3380
2658 3379
2659 3378
2660 3377
2661 3376
2662 3375
2663 3374
2664 3373
2665 3372
2666 3371
2667 3370
2668 3369
2669 3368
2670 3367
2671 3366
2672 3365
2673 3364
2674 3363
2675 3362
2676 3361
2677 3360
2678 3359
2679 3358
2680 3357
2681 3356
2682 3355
2683 3354
2684 3353
2685 3352
2686 3351
2687 3350
2688 3349
2689 3348
2690 3347
2691 3346
2692 3345
2693 3344
2694 3343
2695 3342
2696 3341
2697 3340
2698 3339
2699 3338
2700 3337
2701 3336
2702 3335
2703 3334
2704 3333
2705 3332
2706 3331
2707 3330
2708 3329
2709 3328
2710 3327
2711 3326
2712 3325
2713 3324
2714 3321
2715 3323
2716 3320
2717 3322
2718 3319
2719 3318
2720 3317
2721 3316
2722 3315
2723 3314
2724 3313
2725 3312
2726 3311
2727 3310
2728 3309
2729 3308
2730 3307
2731 3306
2732 3305
2733 3304
2734 3303
2735 3302
2736 3301
2737 3300
2738 3299
2739 3298
2740 3297
2741 3296
2742 3295
2743 3294
2744 3293
2745 3292
2746 3291
2747 3290
2748 3289
2749 3288
2750 3287
2751 3286
2752 3285
2753 3284
2754 3283
2755 3282
2756 3281
2757 3280
2758 3279
2759 3278
2760 3277
2761 3276
2762 3275
2763 3274
2764 3273
2765 3272
2766 3271
2767 3270
2768 3269
2769 3268
2770 3267
2771 3266
2772 3265
2773 3264
2774 3263
2775 3262
2776 3261
2777 3260
2778 3259
2779 3258
2780 3257
2781 3256
2782 3255
2783 3254
2784 3253
2785 3252
2786 3251
2787 3250
2788 3249
2789 3248
2790 3247
2791 3246
2792 3245
2793 3244
2794 3243
2795 3242
2796 3241
2797 3240
2798 3239
2799 3238
2800 3237
2801 3236
2802 3235
2803 3234
2804 3233
2805 3232
2806 3231
2807 3230
2808 3229
2809 3228
2810 3227
2811 3226
2812 3225
2813 3224
2814 3223
2815 3222
2816 3221
2817 3220
2818 3219
2819 3218
2820 3217
2821 3216
2822 3215
2823 3214
2824 3213
2825 3212
2826 3211
2827 3210
2828 3209
2829 3208
2830 3207
2831 3206
2832 3205
2833 3204
2834 3203
2835 3202
2836 3201
2837 3200
2838 3199
2839 3198
2840 3197
2841 3196
2842 3195
2843 3194
2844 3193
2845 3192
2846 3191
2847 3190
2848 3189
2849 3188
2850 3187
2851 3186
2852 3185
2853 3184
2854 3183
2855 3182
2856 3181
2857 3180
2858 3179
2859 3178
2860 3177
2861 3176
2862 3175
2863 3174
2864 3173
2865 3172
2866 3171
2867 3170
2868 3169
2869 3168
2870 3167
2871 3166
2872 3165
2873 3164
2874 3163
2875 3162
2876 3161
2877 3160
2878 3159
2879 3158
2880 3157
2881 3155
2882 3154
2883 3156
2884 3153
2885 3152
2886 3151
2887 3150
2888 3149
2889 3148
2890 3147
2891 3146
2892 3145
2893 3144
2894 3143
2895 3141
2896 3142
2897 3140
2898 3139
2899 3138
2900 3137
2901 3136
2902 3135
2903 3134
2904 3133
2905 3132
2906 3131
2907 3130
2908 3129
2909 3128
2910 6038
2911 3127
2912 3126
2913 3125
2914 3124
2915 3123
2916 3122
2917 3121
2918 3120
2919 3119
2920 3118
2921 3117
2922 3116
2923 3115
2924 3114
2925 3113
2926 3112
2927 3111
2928 3110
2929 3109
2930 3108
2931 3107
2932 3106
2933 3105
2934 3104
2935 3103
2936 3102
2937 3101
2938 3100
2939 3099
2940 3098
2941 3097
2942 3096
2943 3095
2944 3094
2945 3093
2946 3092
2947 6039
2948 3091
2949 3090
2950 3089
2951 3088
2952 3087
2953 3086
2954 3085
2955 3084
2956 3083
2957 3082
2958 3081
2959 3080
2960 3079
2961 3078
2962 3077
2963 3076
2964 3075
2965 3074
2966 3073
2967 3072
2968 3071
2969 3070
2970 3069
2971 3068
2972 3067
2973 3066
2974 3065
2975 3064
2976 3063
2977 3062
2978 3061
2979 3060
2980 6034
2981 3059
2982 3058
2983 3057
2984 3056
2985 3055
2986 3054
2987 3053
2988 3052
2989 3050
2990 3049
2991 3048
2992 3047
2993 3046
2994 3045
2995 3044
2996 3043
2997 3042
2998 3041
2999 3040
3000 3039
3001 3038
3002 3037
3003 3051
3004 3036
3005 3035
3006 3034
3007 3033
3008 3032
3009 3031
3010 3030
3011 3029
3012 3028
3013 3027
3014 3026
3015 3025
3016 3024
3017 3023
3018 3022
3019 3021
3020 3020
3021 3019
3022 3018
3023 3017
3024 3016
3025 3015
3026 3014
3027 3013
3028 3012
3029 3011
3030 3010
3031 3009
3032 3008
3033 3007
3034 3006
3035 3005
3036 3004
3037 3003
3038 3002
3039 3001
3040 2999
3041 3000
3042 2998
3043 2997
3044 2996
3045 2995
3046 2994
3047 2993
3048 2992
3049 2991
3050 2989
3051 2990
3052 2988
3053 2987
3054 2986
3055 2985
3056 2984
3057 2983
3058 2982
3059 2981
3060 2980
3061 2979
3062 2978
3063 2977
3064 2976
3065 2975
3066 2974
3067 2973
3068 2972
3069 2971
3070 2970
3071 2969
3072 2968
3073 2967
3074 2966
3075 2965
3076 2964
3077 2963
3078 2962
3079 2961
3080 2960
3081 2959
3082 2958
3083 2957
3084 2956
3085 2955
3086 2954
3087 2953
3088 2952
3089 2951
3090 2950
3091 2949
3092 2948
3093 2947
3094 2946
3095 2945
3096 2944
3097 2943
3098 2942
3099 2940
3100 2939
3101 2938
3102 2937
3103 2936
3104 2935
3105 2934
3106 2933
3107 2932
3108 2931
3109 2930
3110 2929
3111 2928
3112 2927
3113 2926
3114 2925
3115 2941
3116 2924
3117 2923
3118 2922
3119 2921
3120 2920
3121 2919
3122 2918
3123 2917
3124 2916
3125 2914
3126 2913
3127 2915
3128 2912
3129 2911
3130 2910
3131 2909
3132 2908
3133 2907
3134 2906
3135 2905
3136 2904
3137 2903
3138 2902
3139 2901
3140 2900
3141 2899
3142 2898
3143 2897
3144 2896
3145 2895
3146 2894
3147 2893
3148 2892
3149 2891
3150 2890
3151 2889
3152 2888
3153 2887
3154 2886
3155 2885
3156 2884
3157 2883
3158 2882
3159 2881
3160 2880
3161 2879
3162 2878
3163 2877
3164 2876
3165 2875
3166 2874
3167 2873
3168 2872
3169 2871
3170 2870
3171 2869
3172 2868
3173 2867
3174 2866
3175 2865
3176 2864
3177 2863
3178 2862
3179 2860
3180 2861
3181 2859
3182 2858
3183 2857
3184 2856
3185 2855
3186 2854
3187 2853
3188 2852
3189 2851
3190 2850
3191 2849
3192 2848
3193 2847
3194 2846
3195 2845
3196 2844
3197 2843
3198 2842
3199 2841
3200 2840
3201 2839
3202 2838
3203 2837
3204 2836
3205 2835
3206 2834
3207 2833
3208 2832
3209 2831
3210 2830
3211 2829
3212 2828
3213 2827
3214 2826
3215 2824
3216 2823
3217 2822
3218 2821
3219 2825
3220 2820
3221 2819
3222 2818
3223 2817
3224 2816
3225 2815
3226 2814
3227 2813
3228 2812
3229 2811
3230 2810
3231 2809
3232 2808
3233 2807
3234 2806
3235 2805
3236 2804
3237 2803
3238 2802
3239 2801
3240 2800
3241 2799
3242 2798
3243 2797
3244 2796
3245 2795
3246 2794
3247 2793
3248 2792
3249 2790
3250 2791
3251 2789
3252 2788
3253 2787
3254 2786
3255 2785
3256 2784
3257 2783
3258 2782
3259 2781
3260 2780
3261 2779
3262 2778
3263 2777
3264 2776
3265 2775
3266 2774
3267 2773
3268 2772
3269 2771
3270 2770
3271 2769
3272 2768
3273 2767
3274 2766
3275 2765
3276 2764
3277 2763
3278 2762
3279 2761
3280 2760
3281 2759
3282 2758
3283 2757
3284 2756
3285 2755
3286 2754
3287 2753
3288 2752
3289 2751
3290 2750
3291 2749
3292 2748
3293 2747
3294 2746
3295 2745
3296 2744
3297 2743
3298 2742
3299 2741
3300 2740
3301 2739
3302 2738
3303 2737
3304 2736
3305 2735
3306 2734
3307 2733
3308 2732
3309 2731
3310 2730
3311 2729
3312 2728
3313 2727
3314 2726
3315 2725
3316 2724
3317 2723
3318 2722
3319 2721
3320 2720
3321 2719
3322 2718
3323 2717
3324 2716
3325 2715
3326 2714
3327 2713
3328 2712
3329 2711
3330 2710
3331 2709
3332 2708
3333 2707
3334 2706
3335 2705
3336 2704
3337 2703
3338 2702
3339 2701
3340 2700
3341 2699
3342 2698
3343 2697
3344 2696
3345 2695
3346 2694
3347 2693
3348 2692
3349 2691
3350 2690
3351 2689
3352 2688
3353 2687
3354 2686
3355 2685
3356 2684
3357 2683
3358 2682
3359 2680
3360 2681
3361 2679
3362 2678
3363 2677
3364 2676
3365 2675
3366 2674
3367 2672
3368 2673
3369 2671
3370 2670
3371 2669
3372 2668
3373 2667
3374 2666
3375 2665
3376 2664
3377 2663
3378 2662
3379 2661
3380 2660
3381 2659
3382 2658
3383 2657
3384 2656
3385 2655
3386 2654
3387 2653
3388 2652
3389 2651
3390 2650
3391 2649
3392 2648
3393 2647
3394 2646
3395 2645
3396 2644
3397 2643
3398 2642
3399 2641
3400 2640
3401 2639
3402 2638
3403 2637
3404 2636
3405 2635
3406 2634
3407 2633
3408 2632
3409 2631
3410 2630
3411 2629
3412 2627
3413 2626
3414 2625
3415 2624
3416 2623
3417 2622
3418 2621
3419 2620
3420 2619
3421 2628
3422 2618
3423 2617
3424 2616
3425 2615
3426 2614
3427 2613
3428 2612
3429 2611
3430 2610
3431 2608
3432 2609
3433 2607
3434 2606
3435 2605
3436 2604
3437 2603
3438 2602
3439 2601
3440 2600
3441 2599
3442 2598
3443 2597
3444 2596
3445 2595
3446 2594
3447 2593
3448 2592
3449 2591
3450 2590
3451 2589
3452 2588
3453 2587
3454 2586
3455 2585
3456 2584
3457 2583
3458 2582
3459 2581
3460 2580
3461 2579
3462 2578
3463 2577
3464 2576
3465 2575
3466 2574
3467 2573
3468 2572
3469 2571
3470 2570
3471 2569
3472 2567
3473 2566
3474 2565
3475 2564
3476 2563
3477 2562
3478 2561
3479 2560
3480 2559
3481 2558
3482 2557
3483 2556
3484 2555
3485 2554
3486 2553
3487 2552
3488 2551
3489 2550
3490 2549
3491 2548
3492 2547
3493 2546
3494 2545
3495 2544
3496 2543
3497 2541
3498 2540
3499 2539
3500 2538
3501 2537
3502 2536
3503 2535
3504 2534
3505 2533
3506 2532
3507 2531
3508 2530
3509 2529
3510 2528
3511 2527
3512 2526
3513 2525
3514 2524
3515 2523
3516 2522
3517 2521
3518 2520
3519 2519
3520 2518
3521 2517
3522 2516
3523 2514
3524 2513
3525 2512
3526 2511
3527 2510
3528 2509
3529 2508
3530 2507
3531 2515
3532 2506
3533 2505
3534 2504
3535 2503
3536 2502
3537 2501
3538 2500
3539 2499
3540 2498
3541 2497
3542 2496
3543 2495
3544 2494
3545 2493
3546 2492
3547 2491
3548 2490
3549 2489
3550 2488
3551 2487
3552 2486
3553 2485
3554 2484
3555 2483
3556 2482
3557 2481
3558 2480
3559 2479
3560 2478
3561 2477
3562 2476
3563 2475
3564 2474
3565 2473
3566 2472
3567 2471
3568 2470
3569 2469
3570 2468
3571 2467
3572 2466
3573 2465
3574 2464
3575 2463
3576 2462
3577 2461
3578 2460
3579 2459
3580 2458
3581 2457
3582 2456
3583 2455
3584 2454
3585 2453
3586 2452
3587 2451
3588 2450
3589 2449
3590 2448
3591 2447
3592 2446
3593 2445
3594 2444
3595 2443
3596 2442
3597 2441
3598 2440
3599 2439
3600 2438
3601 2437
3602 2542
3603 2436
3604 2435
3605 2434
3606 2432
3607 2433
3608 2431
3609 2430
3610 2429
3611 2428
3612 2427
3613 2425
3614 2426
3615 2424
3616 2423
3617 2422
3618 2421
3619 2420
3620 2419
3621 2418
3622 2417
3623 2416
3624 2415
3625 2414
3626 2413
3627 2412
3628 2411
3629 2410
3630 2409
3631 2408
3632 2407
3633 2406
3634 2405
3635 2404
3636 2403
3637 2402
3638 2401
3639 2400
3640 2399
3641 2398
3642 2397
3643 2396
3644 2395
3645 2394
3646 2393
3647 2392
3648 2391
3649 2390
3650 2389
3651 2388
3652 2387
3653 2386
3654 2385
3655 2384
3656 2383
3657 2382
3658 2381
3659 2380
3660 2379
3661 2378
3662 2377
3663 2376
3664 2375
3665 2374
3666 2373
3667 2372
3668 2371
3669 2370
3670 2369
3671 2368
3672 2367
3673 2366
3674 2365
3675 2364
3676 2363
3677 2362
3678 2361
3679 2360
3680 2359
3681 2358
3682 2357
3683 2356
3684 2355
3685 2354
3686 2353
3687 2352
3688 2351
3689 2350
3690 2349
3691 2348
3692 2347
3693 2346
3694 2345
3695 2344
3696 2343
3697 2342
3698 2341
3699 2340
3700 2339
3701 2338
3702 2337
3703 2336
3704 2335
3705 2334
3706 2333
3707 2332
3708 2331
3709 2330
3710 2329
3711 2328
3712 2327
3713 2326
3714 2325
3715 2324
3716 2323
3717 2322
3718 2321
3719 2320
3720 2319
3721 2318
3722 2317
3723 2568
3724 2316
3725 2314
3726 2315
3727 2313
3728 2312
3729 2311
3730 2310
3731 2309
3732 2308
3733 2307
3734 2306
3735 2305
3736 2304
3737 2303
3738 2302
3739 2301
3740 2300
3741 2299
3742 2298
3743 2297
3744 2296
3745 2295
3746 2293
3747 2292
3748 2291
3749 2290
3750 2289
3751 2288
3752 2287
3753 2286
3754 2285
3755 2284
3756 2283
3757 2282
3758 2281
3759 2280
3760 2279
3761 2278
3762 2277
3763 2276
3764 2275
3765 2274
3766 2273
3767 2272
3768 2271
3769 2270
3770 2269
3771 2268
3772 2267
3773 2266
3774 2265
3775 2264
3776 2263
3777 2262
3778 2261
3779 2260
3780 2259
3781 2258
3782 2256
3783 2257
3784 2255
3785 2254
3786 2253
3787 2252
3788 2250
3789 2251
3790 2249
3791 2248
3792 2247
3793 2246
3794 2245
3795 2244
3796 2243
3797 2242
3798 2241
3799 2240
3800 2239
3801 2238
3802 2237
3803 2236
3804 2235
3805 2234
3806 2233
3807 2232
3808 2231
3809 2230
3810 2229
3811 2228
3812 2227
3813 2226
3814 2225
3815 2224
3816 2223
3817 2222
3818 2221
3819 2220
3820 2219
3821 2218
3822 2217
3823 2216
3824 2215
3825 2214
3826 2213
3827 2212
3828 2211
3829 2210
3830 2209
3831 2208
3832 2207
3833 2206
3834 2205
3835 2204
3836 2203
3837 2202
3838 2201
3839 2199
3840 2200
3841 2198
3842 2197
3843 2196
3844 2195
3845 2194
3846 2193
3847 2192
3848 2191
3849 2190
3850 2188
3851 2189
3852 2187
3853 2186
3854 2185
3855 2184
3856 2183
3857 2181
3858 2182
3859 2180
3860 2179
3861 2178
3862 2177
3863 2176
3864 2175
3865 2174
3866 2173
3867 2172
3868 2171
3869 2170
3870 2169
3871 2168
3872 2167
3873 2166
3874 2165
3875 2164
3876 2163
3877 2162
3878 2161
3879 2160
3880 2159
3881 2158
3882 2157
3883 2156
3884 2155
3885 2154
3886 2153
3887 2152
3888 2294
3889 2151
3890 2150
3891 2149
3892 2148
3893 2147
3894 2146
3895 2145
3896 2144
3897 2143
3898 2142
3899 2141
3900 2140
3901 2139
3902 2138
3903 2137
3904 2136
3905 2135
3906 2134
3907 2133
3908 2132
3909 2131
3910 2130
3911 2129
3912 2128
3913 2127
3914 2125
3915 2126
3916 2124
3917 2123
3918 2122
3919 2121
3920 2120
3921 2119
3922 2117
3923 2118
3924 2116
3925 2115
3926 2114
3927 2113
3928 2112
3929 2111
3930 2110
3931 2109
3932 2108
3933 2107
3934 2106
3935 2105
3936 2104
3937 2103
3938 2102
3939 2101
3940 2100
3941 2099
3942 2098
3943 2097
3944 2096
3945 2095
3946 2094
3947 2093
3948 2092
3949 2091
3950 2090
3951 2089
3952 2088
3953 2087
3954 2086
3955 2085
3956 2084
3957 2083
3958 2082
3959 2081
3960 2080
3961 2079
3962 2078
3963 2077
3964 2076
3965 2075
3966 2074
3967 2073
3968 2072
3969 2071
3970 2070
3971 2069
3972 2068
3973 2067
3974 2066
3975 2065
3976 2064
3977 2063
3978 2062
3979 2061
3980 2060
3981 2059
3982 2058
3983 2057
3984 2056
3985 2055
3986 2054
3987 2053
3988 2052
3989 2051
3990 2050
3991 2049
3992 2048
3993 2047
3994 2046
3995 2045
3996 2044
3997 2043
3998 2042
3999 2041
4000 2040
4001 2039
4002 2038
4003 2037
4004 2036
4005 2035
4006 2034
4007 2033
4008 2032
4009 2031
4010 2030
4011 2029
4012 2028
4013 2027
4014 2026
4015 2025
4016 2024
4017 2023
4018 2022
4019 2021
4020 2020
4021 2019
4022 2018
4023 2017
4024 2016
4025 2015
4026 2014
4027 2013
4028 2012
4029 2011
4030 2010
4031 2009
4032 2008
4033 2007
4034 2006
4035 2005
4036 2004
4037 2003
4038 2002
4039 2001
4040 2000
4041 1999
4042 1998
4043 1997
4044 1996
4045 1995
4046 1994
4047 1993
4048 1992
4049 1991
4050 1990
4051 1989
4052 1988
4053 1986
4054 1987
4055 1985
4056 1984
4057 1983
4058 1982
4059 1981
4060 1980
4061 1979
4062 1978
4063 1977
4064 1976
4065 1975
4066 1974
4067 1973
4068 1972
4069 1971
4070 1970
4071 1969
4072 1968
4073 1967
4074 1966
4075 1965
4076 1964
4077 1962
4078 1963
4079 1961
4080 1960
4081 1959
4082 1958
4083 1957
4084 1956
4085 1955
4086 1954
4087 1953
4088 1952
4089 1951
4090 1950
4091 1949
4092 1948
4093 1947
4094 1946
4095 1945
4096 1944
4097 1943
4098 1942
4099 1941
4100 1940
4101 1939
4102 1938
4103 1937
4104 1936
4105 1935
4106 1934
4107 1933
4108 1932
4109 1931
4110 1930
4111 1929
4112 1928
4113 1927
4114 1926
4115 1925
4116 1924
4117 1923
4118 1922
4119 1921
4120 1920
4121 1919
4122 1917
4123 1918
4124 1916
4125 1915
4126 1914
4127 1913
4128 1912
4129 1911
4130 1910
4131 1909
4132 1908
4133 1907
4134 1906
4135 1905
4136 1904
4137 1903
4138 1901
4139 1902
4140 1900
4141 1899
4142 1898
4143 1897
4144 1896
4145 1895
4146 1894
4147 1893
4148 1892
4149 1891
4150 1890
4151 1889
4152 1888
4153 1887
4154 1886
4155 1883
4156 1884
4157 1882
4158 1881
4159 1880
4160 1878
4161 1877
4162 1876
4163 1875
4164 1874
4165 1871
4166 1872
4167 1870
4168 1873
4169 1869
4170 1868
4171 1867
4172 1866
4173 1865
4174 1864
4175 1863
4176 1862
4177 1861
4178 1859
4179 1860
4180 1858
4181 1857
4182 1856
4183 1855
4184 1854
4185 1879
4186 1853
4187 1852
4188 1851
4189 1850
4190 1849
4191 1848
4192 1847
4193 1846
4194 1845
4195 1844
4196 1843
4197 1842
4198 1841
4199 1840
4200 1839
4201 1838
4202 1836
4203 1837
4204 1835
4205 1833
4206 1832
4207 1834
4208 1831
4209 1830
4210 1829
4211 1828
4212 1827
4213 1826
4214 1825
4215 1824
4216 1823
4217 1822
4218 1821
4219 1820
4220 1819
4221 1818
4222 1816
4223 1817
4224 1815
4225 1813
4226 1812
4227 1811
4228 1814
4229 1810
4230 1809
4231 1808
4232 1807
4233 1806
4234 1805
4235 1804
4236 1803
4237 1802
4238 1800
4239 1799
4240 1798
4241 1797
4242 1796
4243 1801
4244 1795
4245 1794
4246 1793
4247 1792
4248 1791
4249 1790
4250 1789
4251 1788
4252 1786
4253 1787
4254 1785
4255 1784
4256 1782
4257 1783
4258 1781
4259 1780
4260 1779
4261 1778
4262 1777
4263 1776
4264 1775
4265 1774
4266 1773
4267 1772
4268 1771
4269 1769
4270 1770
4271 1768
4272 1766
4273 1767
4274 1765
4275 1764
4276 1763
4277 1762
4278 1761
4279 1760
4280 1759
4281 1758
4282 1757
4283 1756
4284 1755
4285 1754
4286 1753
4287 1752
4288 1751
4289 1750
4290 1749
4291 1748
4292 1747
4293 1745
4294 1746
4295 1744
4296 1743
4297 1742
4298 1741
4299 1740
4300 1739
4301 1738
4302 1737
4303 1735
4304 1734
4305 1733
4306 1732
4307 1731
4308 1730
4309 1729
4310 1728
4311 1726
4312 1727
4313 1725
4314 1724
4315 1723
4316 1722
4317 1721
4318 1885
4319 1720
4320 1719
4321 1718
4322 1717
4323 1716
4324 1715
4325 1714
4326 1713
4327 1712
4328 1711
4329 1710
4330 1709
4331 1708
4332 1707
4333 1706
4334 1705
4335 1704
4336 1703
4337 1702
4338 1701
4339 1700
4340 1699
4341 1698
4342 1697
4343 1696
4344 1695
4345 1694
4346 1693
4347 1692
4348 1691
4349 1690
4350 1689
4351 1688
4352 1687
4353 1686
4354 1685
4355 1684
4356 1683
4357 1682
4358 1681
4359 1680
4360 1679
4361 1678
4362 1677
4363 1676
4364 1675
4365 1674
4366 1673
4367 1672
4368 1671
4369 1670
4370 1669
4371 1668
4372 1667
4373 1666
4374 1665
4375 1664
4376 1663
4377 1662
4378 1661
4379 1660
4380 1659
4381 1658
4382 1657
4383 1656
4384 1655
4385 1654
4386 1652
4387 1653
4388 1651
4389 1650
4390 1649
4391 1648
4392 1646
4393 1647
4394 1645
4395 1644
4396 1640
4397 1641
4398 1639
4399 1642
4400 1643
4401 1638
4402 1637
4403 1636
4404 1635
4405 1634
4406 1633
4407 1632
4408 1631
4409 1630
4410 1629
4411 1628
4412 1627
4413 1626
4414 1625
4415 1624
4416 1623
4417 1622
4418 1621
4419 1620
4420 1619
4421 1618
4422 1617
4423 1616
4424 1615
4425 1614
4426 1613
4427 1612
4428 1611
4429 1610
4430 1609
4431 1608
4432 1607
4433 1606
4434 1605
4435 1604
4436 1603
4437 1602
4438 1601
4439 1600
4440 1599
4441 1598
4442 1597
4443 1596
4444 1595
4445 1594
4446 1593
4447 1592
4448 1591
4449 1589
4450 1590
4451 1587
4452 1588
4453 1586
4454 1585
4455 1584
4456 1583
4457 1582
4458 1581
4459 1580
4460 1579
4461 1578
4462 1577
4463 1576
4464 1575
4465 1574
4466 1573
4467 1572
4468 1571
4469 1570
4470 1569
4471 1567
4472 1568
4473 1566
4474 1565
4475 1564
4476 1563
4477 1562
4478 1561
4479 1560
4480 1559
4481 1558
4482 1557
4483 1556
4484 1555
4485 1554
4486 1553
4487 1552
4488 1550
4489 1549
4490 1548
4491 1547
4492 1546
4493 1545
4494 1544
4495 1543
4496 1542
4497 1541
4498 1540
4499 1539
4500 1538
4501 1536
4502 1535
4503 1534
4504 1551
4505 1533
4506 1532
4507 1531
4508 1530
4509 1529
4510 1528
4511 1527
4512 1526
4513 1525
4514 1736
4515 1537
4516 1524
4517 1523
4518 1522
4519 1521
4520 1520
4521 1519
4522 1518
4523 1517
4524 1516
4525 1515
4526 1514
4527 1513
4528 1512
4529 1511
4530 1510
4531 1509
4532 1508
4533 1507
4534 1506
4535 1505
4536 1504
4537 1503
4538 1502
4539 1501
4540 1500
4541 1499
4542 1498
4543 1497
4544 1496
4545 1495
4546 1494
4547 1493
4548 1492
4549 1491
4550 1490
4551 1489
4552 1488
4553 1487
4554 1486
4555 1485
4556 1484
4557 1483
4558 1482
4559 1481
4560 1480
4561 1479
4562 1478
4563 1477
4564 1476
4565 1475
4566 1474
4567 1473
4568 1472
4569 1471
4570 1470
4571 1469
4572 1467
4573 1466
4574 1465
4575 1464
4576 1468
4577 1463
4578 1462
4579 1461
4580 1460
4581 1459
4582 1458
4583 1457
4584 1456
4585 1455
4586 1454
4587 1453
4588 1452
4589 1451
4590 1450
4591 1449
4592 1448
4593 1447
4594 1446
4595 1445
4596 1444
4597 1443
4598 1441
4599 1440
4600 1439
4601 1438
4602 1437
4603 1436
4604 1435
4605 1434
4606 1433
4607 1432
4608 1431
4609 1430
4610 1429
4611 1428
4612 1427
4613 1426
4614 1425
4615 1424
4616 1423
4617 1422
4618 1421
4619 1420
4620 1419
4621 1418
4622 1417
4623 1442
4624 1416
4625 1415
4626 1414
4627 1413
4628 1412
4629 1411
4630 1410
4631 1409
4632 1408
4633 1407
4634 1406
4635 1405
4636 1404
4637 1403
4638 1402
4639 1401
4640 1400
4641 1399
4642 1398
4643 1397
4644 1396
4645 1395
4646 1394
4647 1393
4648 1392
4649 1391
4650 1390
4651 1389
4652 1388
4653 1387
4654 1386
4655 1385
4656 1384
4657 1383
4658 1382
4659 1381
4660 1380
4661 1379
4662 1378
4663 1377
4664 1376
4665 1375
4666 1374
4667 1373
4668 1371
4669 1370
4670 1369
4671 1368
4672 1367
4673 1366
4674 1365
4675 1364
4676 1363
4677 1362
4678 1361
4679 1360
4680 1359
4681 1358
4682 1357
4683 1356
4684 1355
4685 1354
4686 1353
4687 1352
4688 1351
4689 1350
4690 1349
4691 1348
4692 1347
4693 1346
4694 1345
4695 1344
4696 1343
4697 1342
4698 1341
4699 1340
4700 1339
4701 1338
4702 1337
4703 1336
4704 1335
4705 1334
4706 1333
4707 1332
4708 1331
4709 1330
4710 1329
4711 1327
4712 1326
4713 1325
4714 1324
4715 1323
4716 1322
4717 1328
4718 1321
4719 1320
4720 1319
4721 1318
4722 1317
4723 1316
4724 1315
4725 1314
4726 1313
4727 1312
4728 1311
4729 1310
4730 1309
4731 1308
4732 1307
4733 1306
4734 1305
4735 1304
4736 1303
4737 1302
4738 1301
4739 1300
4740 1299
4741 1298
4742 1297
4743 1296
4744 1295
4745 1294
4746 1293
4747 1292
4748 1291
4749 1290
4750 1289
4751 1288
4752 1287
4753 1286
4754 1285
4755 1284
4756 1283
4757 1282
4758 1281
4759 1280
4760 1279
4761 1278
4762 1277
4763 1276
4764 1275
4765 1274
4766 1273
4767 1272
4768 1271
4769 1270
4770 1269
4771 1268
4772 1267
4773 1266
4774 1265
4775 1264
4776 1263
4777 1262
4778 1261
4779 1260
4780 1259
4781 1258
4782 1257
4783 1256
4784 1255
4785 1254
4786 1253
4787 1252
4788 1250
4789 1251
4790 1249
4791 1248
4792 1247
4793 1246
4794 1245
4795 1244
4796 1243
4797 1242
4798 1241
4799 1240
4800 1239
4801 1238
4802 1237
4803 1236
4804 1235
4805 1234
4806 1233
4807 1232
4808 1231
4809 1230
4810 1229
4811 1228
4812 1227
4813 1226
4814 1225
4815 1224
4816 1223
4817 1222
4818 1221
4819 1220
4820 1219
4821 1218
4822 1217
4823 1216
4824 1215
4825 1214
4826 1213
4827 1212
4828 1211
4829 1210
4830 1209
4831 1208
4832 1207
4833 1206
4834 1205
4835 1204
4836 1203
4837 1202
4838 1201
4839 1200
4840 1199
4841 1198
4842 1197
4843 1196
4844 1195
4845 1194
4846 1193
4847 1192
4848 1190
4849 1189
4850 1191
4851 1188
4852 1187
4853 1186
4854 1185
4855 1184
4856 1183
4857 1182
4858 1181
4859 1180
4860 1179
4861 1178
4862 1177
4863 1176
4864 1175
4865 1174
4866 1173
4867 1172
4868 1171
4869 1170
4870 1169
4871 1167
4872 1168
4873 1166
4874 1165
4875 1164
4876 1163
4877 1162
4878 1161
4879 1160
4880 1159
4881 1158
4882 1157
4883 1156
4884 1155
4885 1154
4886 1153
4887 1152
4888 1151
4889 1150
4890 1149
4891 1148
4892 1147
4893 1146
4894 1145
4895 1144
4896 1372
4897 1142
4898 1141
4899 1140
4900 1139
4901 1138
4902 1137
4903 1136
4904 1135
4905 1134
4906 1133
4907 1132
4908 1131
4909 1130
4910 1129
4911 1128
4912 1127
4913 1126
4914 1125
4915 1124
4916 1123
4917 1122
4918 1121
4919 1120
4920 1119
4921 1118
4922 1117
4923 1116
4924 1115
4925 1114
4926 1113
4927 1112
4928 1111
4929 1110
4930 1109
4931 1108
4932 1107
4933 1106
4934 1105
4935 1104
4936 1103
4937 1102
4938 1101
4939 1100
4940 1099
4941 1098
4942 1097
4943 1096
4944 1095
4945 1094
4946 1093
4947 1092
4948 1091
4949 1090
4950 1089
4951 1088
4952 1087
4953 1086
4954 1085
4955 1084
4956 1083
4957 1082
4958 1081
4959 1080
4960 1079
4961 1078
4962 1077
4963 1076
4964 1075
4965 1074
4966 1073
4967 1072
4968 1070
4969 1071
4970 1069
4971 1068
4972 1067
4973 1066
4974 1065
4975 1064
4976 1063
4977 1062
4978 1061
4979 1060
4980 1059
4981 1058
4982 1057
4983 1056
4984 1055
4985 1054
4986 1052
4987 1053
4988 1051
4989 1050
4990 1049
4991 1048
4992 1047
4993 1045
4994 1046
4995 1044
4996 1043
4997 1042
4998 1041
4999 1040
5000 1039
5001 1038
5002 1037
5003 1036
5004 1035
5005 1034
5006 1033
5007 1032
5008 1030
5009 1031
5010 1029
5011 1028
5012 1027
5013 1025
5014 1026
5015 1024
5016 1023
5017 1022
5018 1021
5019 1020
5020 1019
5021 1018
5022 1017
5023 1016
5024 1015
5025 1013
5026 1012
5027 1011
5028 1010
5029 1009
5030 1008
5031 1007
5032 1006
5033 1005
5034 1004
5035 1003
5036 1002
5037 1001
5038 1000
5039 999
5040 998
5041 997
5042 996
5043 995
5044 994
5045 993
5046 992
5047 991
5048 990
5049 989
5050 988
5051 987
5052 986
5053 985
5054 984
5055 983
5056 982
5057 981
5058 979
5059 980
5060 978
5061 977
5062 976
5063 975
5064 974
5065 973
5066 972
5067 971
5068 970
5069 1014
5070 969
5071 968
5072 967
5073 966
5074 965
5075 964
5076 963
5077 962
5078 961
5079 960
5080 959
5081 958
5082 957
5083 956
5084 955
5085 954
5086 953
5087 952
5088 951
5089 949
5090 950
5091 948
5092 947
5093 946
5094 945
5095 944
5096 943
5097 942
5098 941
5099 940
5100 938
5101 939
5102 937
5103 936
5104 935
5105 934
5106 933
5107 932
5108 931
5109 930
5110 929
5111 928
5112 927
5113 926
5114 925
5115 924
5116 923
5117 922
5118 921
5119 920
5120 919
5121 918
5122 917
5123 916
5124 915
5125 914
5126 913
5127 912
5128 911
5129 910
5130 909
5131 908
5132 907
5133 906
5134 905
5135 904
5136 903
5137 902
5138 901
5139 900
5140 899
5141 898
5142 897
5143 896
5144 895
5145 894
5146 893
5147 892
5148 891
5149 890
5150 889
5151 888
5152 887
5153 886
5154 885
5155 884
5156 882
5157 883
5158 881
5159 880
5160 879
5161 878
5162 877
5163 876
5164 875
5165 873
5166 874
5167 872
5168 871
5169 870
5170 869
5171 868
5172 1143
5173 867
5174 866
5175 865
5176 864
5177 863
5178 862
5179 861
5180 860
5181 859
5182 858
5183 857
5184 856
5185 855
5186 854
5187 853
5188 852
5189 851
5190 850
5191 849
5192 848
5193 847
5194 846
5195 845
5196 844
5197 843
5198 842
5199 841
5200 840
5201 839
5202 838
5203 837
5204 836
5205 835
5206 834
5207 833
5208 832
5209 831
5210 830
5211 829
5212 828
5213 826
5214 825
5215 824
5216 823
5217 822
5218 821
5219 820
5220 819
5221 818
5222 817
5223 816
5224 815
5225 814
5226 827
5227 813
5228 812
5229 811
5230 810
5231 809
5232 808
5233 807
5234 806
5235 805
5236 804
5237 803
5238 802
5239 801
5240 800
5241 799
5242 798
5243 797
5244 796
5245 795
5246 794
5247 793
5248 792
5249 791
5250 790
5251 789
5252 788
5253 787
5254 786
5255 785
5256 784
5257 783
5258 782
5259 781
5260 780
5261 779
5262 778
5263 777
5264 776
5265 775
5266 774
5267 773
5268 772
5269 771
5270 770
5271 769
5272 768
5273 767
5274 766
5275 765
5276 764
5277 763
5278 762
5279 761
5280 760
5281 759
5282 758
5283 757
5284 756
5285 755
5286 754
5287 753
5288 752
5289 751
5290 750
5291 749
5292 748
5293 747
5294 746
5295 745
5296 744
5297 743
5298 742
5299 741
5300 740
5301 739
5302 738
5303 737
5304 736
5305 735
5306 734
5307 733
5308 732
5309 731
5310 730
5311 729
5312 728
5313 727
5314 726
5315 725
5316 724
5317 723
5318 722
5319 721
5320 720
5321 719
5322 718
5323 717
5324 716
5325 715
5326 714
5327 713
5328 712
5329 711
5330 710
5331 709
5332 708
5333 707
5334 706
5335 705
5336 704
5337 703
5338 702
5339 701
5340 700
5341 699
5342 698
5343 697
5344 696
5345 695
5346 694
5347 693
5348 692
5349 691
5350 690
5351 689
5352 687
5353 686
5354 685
5355 683
5356 684
5357 682
5358 681
5359 680
5360 679
5361 678
5362 677
5363 676
5364 675
5365 674
5366 672
5367 673
5368 671
5369 670
5370 669
5371 668
5372 667
5373 666
5374 665
5375 664
5376 663
5377 662
5378 661
5379 660
5380 659
5381 658
5382 657
5383 656
5384 655
5385 654
5386 653
5387 652
5388 651
5389 650
5390 649
5391 648
5392 647
5393 646
5394 645
5395 644
5396 643
5397 642
5398 641
5399 640
5400 639
5401 638
5402 637
5403 636
5404 635
5405 634
5406 633
5407 632
5408 631
5409 630
5410 629
5411 628
5412 627
5413 626
5414 625
5415 624
5416 623
5417 622
5418 621
5419 620
5420 619
5421 618
5422 617
5423 616
5424 615
5425 614
5426 613
5427 612
5428 611
5429 610
5430 609
5431 608
5432 607
5433 606
5434 605
5435 604
5436 603
5437 602
5438 601
5439 600
5440 599
5441 598
5442 597
5443 596
5444 595
5445 594
5446 593
5447 592
5448 591
5449 590
5450 589
5451 588
5452 587
5453 586
5454 585
5455 584
5456 583
5457 582
5458 581
5459 580
5460 579
5461 578
5462 577
5463 576
5464 575
5465 574
5466 572
5467 573
5468 571
5469 570
5470 569
5471 568
5472 567
5473 566
5474 564
5475 565
5476 563
5477 562
5478 561
5479 560
5480 559
5481 558
5482 557
5483 556
5484 555
5485 554
5486 553
5487 552
5488 551
5489 550
5490 548
5491 547
5492 549
5493 546
5494 545
5495 544
5496 543
5497 542
5498 541
5499 540
5500 539
5501 538
5502 537
5503 536
5504 535
5505 534
5506 533
5507 532
5508 531
5509 530
5510 529
5511 528
5512 527
5513 526
5514 525
5515 524
5516 523
5517 522
5518 521
5519 520
5520 519
5521 518
5522 517
5523 516
5524 515
5525 514
5526 513
5527 512
5528 511
5529 510
5530 509
5531 508
5532 507
5533 506
5534 505
5535 504
5536 503
5537 502
5538 501
5539 500
5540 499
5541 498
5542 497
5543 496
5544 495
5545 494
5546 493
5547 492
5548 491
5549 490
5550 489
5551 488
5552 487
5553 486
5554 485
5555 484
5556 483
5557 482
5558 481
5559 480
5560 479
5561 478
5562 477
5563 476
5564 475
5565 474
5566 473
5567 472
5568 471
5569 470
5570 469
5571 468
5572 467
5573 466
5574 465
5575 464
5576 463
5577 462
5578 460
5579 461
5580 459
5581 458
5582 457
5583 456
5584 455
5585 454
5586 453
5587 452
5588 451
5589 450
5590 449
5591 448
5592 447
5593 446
5594 445
5595 444
5596 443
5597 442
5598 441
5599 440
5600 439
5601 438
5602 437
5603 436
5604 435
5605 434
5606 433
5607 432
5608 431
5609 430
5610 429
5611 428
5612 427
5613 426
5614 425
5615 424
5616 423
5617 422
5618 421
5619 420
5620 419
5621 418
5622 417
5623 416
5624 415
5625 414
5626 413
5627 412
5628 411
5629 410
5630 409
5631 408
5632 407
5633 406
5634 405
5635 404
5636 403
5637 402
5638 401
5639 400
5640 399
5641 398
5642 397
5643 396
5644 395
5645 394
5646 393
5647 392
5648 391
5649 390
5650 389
5651 388
5652 387
5653 386
5654 385
5655 384
5656 383
5657 382
5658 381
5659 380
5660 379
5661 378
5662 377
5663 376
5664 375
5665 374
5666 373
5667 372
5668 371
5669 370
5670 369
5671 368
5672 367
5673 366
5674 365
5675 364
5676 363
5677 362
5678 361
5679 360
5680 359
5681 358
5682 357
5683 356
5684 355
5685 354
5686 353
5687 352
5688 351
5689 349
5690 350
5691 348
5692 347
5693 346
5694 345
5695 344
5696 343
5697 342
5698 341
5699 340
5700 339
5701 338
5702 337
5703 336
5704 335
5705 334
5706 333
5707 332
5708 331
5709 330
5710 329
5711 328
5712 327
5713 326
5714 325
5715 324
5716 323
5717 322
5718 321
5719 320
5720 319
5721 318
5722 317
5723 316
5724 315
5725 314
5726 313
5727 312
5728 311
5729 310
5730 309
5731 308
5732 307
5733 306
5734 305
5735 304
5736 303
5737 302
5738 301
5739 300
5740 299
5741 298
5742 297
5743 296
5744 295
5745 294
5746 293
5747 292
5748 291
5749 290
5750 289
5751 288
5752 287
5753 286
5754 285
5755 284
5756 283
5757 282
5758 281
5759 280
5760 279
5761 278
5762 277
5763 276
5764 275
5765 274
5766 273
5767 272
5768 271
5769 270
5770 269
5771 268
5772 267
5773 266
5774 265
5775 264
5776 263
5777 262
5778 261
5779 260
5780 259
5781 258
5782 257
5783 256
5784 255
5785 254
5786 253
5787 252
5788 251
5789 250
5790 249
5791 248
5792 247
5793 246
5794 245
5795 244
5796 243
5797 242
5798 241
5799 240
5800 239
5801 238
5802 237
5803 236
5804 235
5805 234
5806 233
5807 232
5808 231
5809 230
5810 229
5811 228
5812 227
5813 226
5814 225
5815 224
5816 223
5817 222
5818 221
5819 220
5820 219
5821 218
5822 217
5823 216
5824 215
5825 214
5826 213
5827 212
5828 211
5829 210
5830 209
5831 208
5832 207
5833 206
5834 205
5835 204
5836 203
5837 202
5838 201
5839 200
5840 199
5841 198
5842 197
5843 196
5844 195
5845 194
5846 193
5847 192
5848 191
5849 190
5850 189
5851 188
5852 187
5853 186
5854 185
5855 184
5856 183
5857 182
5858 181
5859 180
5860 179
5861 178
5862 177
5863 176
5864 175
5865 174
5866 173
5867 172
5868 171
5869 170
5870 169
5871 168
5872 167
5873 166
5874 165
5875 164
5876 163
5877 162
5878 161
5879 160
5880 159
5881 157
5882 158
5883 156
5884 155
5885 154
5886 153
5887 152
5888 151
5889 150
5890 149
5891 148
5892 147
5893 146
5894 145
5895 144
5896 143
5897 142
5898 141
5899 140
5900 139
5901 138
5902 137
5903 136
5904 135
5905 134
5906 133
5907 132
5908 131
5909 130
5910 129
5911 128
5912 127
5913 126
5914 125
5915 124
5916 123
5917 122
5918 121
5919 120
5920 119
5921 118
5922 117
5923 116
5924 115
5925 114
5926 113
5927 112
5928 111
5929 110
5930 109
5931 108
5932 107
5933 106
5934 105
5935 104
5936 103
5937 101
5938 100
5939 99
5940 98
5941 97
5942 96
5943 95
5944 94
5945 93
5946 92
5947 91
5948 90
5949 102
5950 89
5951 88
5952 87
5953 86
5954 85
5955 84
5956 83
5957 82
5958 81
5959 80
5960 79
5961 78
5962 77
5963 76
5964 75
5965 74
5966 73
5967 72
5968 71
5969 70
5970 69
5971 68
5972 67
5973 66
5974 65
5975 64
5976 63
5977 62
5978 61
5979 59
5980 60
5981 58
5982 57
5983 56
5984 55
5985 688
5986 54
5987 53
5988 52
5989 51
5990 50
5991 49
5992 48
5993 47
5994 46
5995 45
5996 44
5997 43
5998 42
5999 41
6000 40
6001 39
6002 38
6003 37
6004 36
6005 35
6006 34
6007 32
6008 33
6009 31
6010 30
6011 29
6012 28
6013 27
6014 26
6015 25
6016 24
6017 23
6018 22
6019 21
6020 20
6021 19
6022 18
6023 17
6024 16
6025 15
6026 14
6027 13
6028 12
6029 11
6030 10
6031 9
6032 8
6033 7
6034 6
6035 5
6036 4
6037 3
6038 2
6039 1
6040 0
