0 6040
1 6039
2 6038
3 6037
4 6036
5 6035
6 6034
7 6033
8 6032
9 6031
10 6030
11 6029
12 6028
13 6027
14 6026
15 6025
16 6024
17 6023
18 6022
19 6021
20 6020
21 6019
22 6018
23 6017
24 6016
25 6015
26 6014
27 6013
28 6012
29 6011
30 6010
31 6009
32 6007
33 6008
34 6006
35 6005
36 6004
37 6003
38 6002
39 6001
40 6000
41 5999
42 5998
43 5997
44 5996
45 5995
46 5994
47 5993
48 5992
49 5991
50 5990
51 5989
52 5988
53 5987
54 5986
55 5984
56 5983
57 5982
58 5981
59 5979
60 5980
61 5978
62 5977
63 5976
64 5975
65 5974
66 5973
67 5972
68 5971
69 5970
70 5969
71 5968
72 5967
73 5966
74 5965
75 5964
76 5963
77 5962
78 5961
79 5960
80 5959
81 5958
82 5957
83 5956
84 5955
85 5954
86 5953
87 5952
88 5951
89 5950
90 5948
91 5947
92 5946
93 5945
94 5944
95 5943
96 5942
97 5941
98 5940
99 5939
100 5938
101 5937
102 5949
103 5936
104 5935
105 5934
106 5933
107 5932
108 5931
109 5930
110 5929
111 5928
112 5927
113 5926
114 5925
115 5924
116 5923
117 5922
118 5921
119 5920
120 5919
121 5918
122 5917
123 5916
124 5915
125 5914
126 5913
127 5912
128 5911
129 5910
130 5909
131 5908
132 5907
133 5906
134 5905
135 5904
136 5903
137 5902
138 5901
139 5900
140 5899
141 5898
142 5897
143 5896
144 5895
145 5894
146 5893
147 5892
148 5891
149 5890
150 5889
151 5888
152 5887
153 5886
154 5885
155 5884
156 5883
157 5881
158 5882
159 5880
160 5879
161 5878
162 5877
163 5876
164 5875
165 5874
166 5873
167 5872
168 5871
169 5870
170 5869
171 5868
172 5867
173 5866
174 5865
175 5864
176 5863
177 5862
178 5861
179 5860
180 5859
181 5858
182 5857
183 5856
184 5855
185 5854
186 5853
187 5852
188 5851
189 5850
190 5849
191 5848
192 5847
193 5846
194 5845
195 5844
196 5843
197 5842
198 5841
199 5840
200 5839
201 5838
202 5837
203 5836
204 5835
205 5834
206 5833
207 5832
208 5831
209 5830
210 5829
211 5828
212 5827
213 5826
214 5825
215 5824
216 5823
217 5822
218 5821
219 5820
220 5819
221 5818
222 5817
223 5816
224 5815
225 5814
226 5813
227 5812
228 5811
229 5810
230 5809
231 5808
232 5807
233 5806
234 5805
235 5804
236 5803
237 5802
238 5801
239 5800
240 5799
241 5798
242 5797
243 5796
244 5795
245 5794
246 5793
247 5792
248 5791
249 5790
250 5789
251 5788
252 5787
253 5786
254 5785
255 5784
256 5783
257 5782
258 5781
259 5780
260 5779
261 5778
262 5777
263 5776
264 5775
265 5774
266 5773
267 5772
268 5771
269 5770
270 5769
271 5768
272 5767
273 5766
274 5765
275 5764
276 5763
277 5762
278 5761
279 5760
280 5759
281 5758
282 5757
283 5756
284 5755
285 5754
286 5753
287 5752
288 5751
289 5750
290 5749
291 5748
292 5747
293 5746
294 5745
295 5744
296 5743
297 5742
298 5741
299 5740
300 5739
301 5738
302 5737
303 5736
304 5735
305 5734
306 5733
307 5732
308 5731
309 5730
310 5729
311 5728
312 5727
313 5726
314 5725
315 5724
316 5723
317 5722
318 5721
319 5720
320 5719
321 5718
322 5717
323 5716
324 5715
325 5714
326 5713
327 5712
328 5711
329 5710
330 5709
331 5708
332 5707
333 5706
334 5705
335 5704
336 5703
337 5702
338 5701
339 5700
340 5699
341 5698
342 5697
343 5696
344 5695
345 5694
346 5693
347 5692
348 5691
349 5689
350 5690
351 5688
352 5687
353 5686
354 5685
355 5684
356 5683
357 5682
358 5681
359 5680
360 5679
361 5678
362 5677
363 5676
364 5675
365 5674
366 5673
367 5672
368 5671
369 5670
370 5669
371 5668
372 5667
373 5666
374 5665
375 5664
376 5663
377 5662
378 5661
379 5660
380 5659
381 5658
382 5657
383 5656
384 5655
385 5654
386 5653
387 5652
388 5651
389 5650
390 5649
391 5648
392 5647
393 5646
394 5645
395 5644
396 5643
397 5642
398 5641
399 5640
400 5639
401 5638
402 5637
403 5636
404 5635
405 5634
406 5633
407 5632
408 5631
409 5630
410 5629
411 5628
412 5627
413 5626
414 5625
415 5624
416 5623
417 5622
418 5621
419 5620
420 5619
421 5618
422 5617
423 5616
424 5615
425 5614
426 5613
427 5612
428 5611
429 5610
430 5609
431 5608
432 5607
433 5606
434 5605
435 5604
436 5603
437 5602
438 5601
439 5600
440 5599
441 5598
442 5597
443 5596
444 5595
445 5594
446 5593
447 5592
448 5591
449 5590
450 5589
451 5588
452 5587
453 5586
454 5585
455 5584
456 5583
457 5582
458 5581
459 5580
460 5578
461 5579
462 5577
463 5576
464 5575
465 5574
466 5573
467 5572
468 5571
469 5570
470 5569
471 5568
472 5567
473 5566
474 5565
475 5564
476 5563
477 5562
478 5561
479 5560
480 5559
481 5558
482 5557
483 5556
484 5555
485 5554
486 5553
487 5552
488 5551
489 5550
490 5549
491 5548
492 5547
493 5546
494 5545
495 5544
496 5543
497 5542
498 5541
499 5540
500 5539
501 5538
502 5537
503 5536
504 5535
505 5534
506 5533
507 5532
508 5531
509 5530
510 5529
511 5528
512 5527
513 5526
514 5525
515 5524
516 5523
517 5522
518 5521
519 5520
520 5519
521 5518
522 5517
523 5516
524 5515
525 5514
526 5513
527 5512
528 5511
529 5510
530 5509
531 5508
532 5507
533 5506
534 5505
535 5504
536 5503
537 5502
538 5501
539 5500
540 5499
541 5498
542 5497
543 5496
544 5495
545 5494
546 5493
547 5491
548 5490
549 5492
550 5489
551 5488
552 5487
553 5486
554 5485
555 5484
556 5483
557 5482
558 5481
559 5480
560 5479
561 5478
562 5477
563 5476
564 5474
565 5475
566 5473
567 5472
568 5471
569 5470
570 5469
571 5468
572 5466
573 5467
574 5465
575 5464
576 5463
577 5462
578 5461
579 5460
580 5459
581 5458
582 5457
583 5456
584 5455
585 5454
586 5453
587 5452
588 5451
589 5450
590 5449
591 5448
592 5447
593 5446
594 5445
595 5444
596 5443
597 5442
598 5441
599 5440
600 5439
601 5438
602 5437
603 5436
604 5435
605 5434
606 5433
607 5432
608 5431
609 5430
610 5429
611 5428
612 5427
613 5426
614 5425
615 5424
616 5423
617 5422
618 5421
619 5420
620 5419
621 5418
622 5417
623 5416
624 5415
625 5414
626 5413
627 5412
628 5411
629 5410
630 5409
631 5408
632 5407
633 5406
634 5405
635 5404
636 5403
637 5402
638 5401
639 5400
640 5399
641 5398
642 5397
643 5396
644 5395
645 5394
646 5393
647 5392
648 5391
649 5390
650 5389
651 5388
652 5387
653 5386
654 5385
655 5384
656 5383
657 5382
658 5381
659 5380
660 5379
661 5378
662 5377
663 5376
664 5375
665 5374
666 5373
667 5372
668 5371
669 5370
670 5369
671 5368
672 5366
673 5367
674 5365
675 5364
676 5363
677 5362
678 5361
679 5360
680 5359
681 5358
682 5357
683 5355
684 5356
685 5354
686 5353
687 5352
688 5985
689 5351
690 5350
691 5349
692 5348
693 5347
694 5346
695 5345
696 5344
697 5343
698 5342
699 5341
700 5340
701 5339
702 5338
703 5337
704 5336
705 5335
706 5334
707 5333
708 5332
709 5331
710 5330
711 5329
712 5328
713 5327
714 5326
715 5325
716 5324
717 5323
718 5322
719 5321
720 5320
721 5319
722 5318
723 5317
724 5316
725 5315
726 5314
727 5313
728 5312
729 5311
730 5310
731 5309
732 5308
733 5307
734 5306
735 5305
736 5304
737 5303
738 5302
739 5301
740 5300
741 5299
742 5298
743 5297
744 5296
745 5295
746 5294
747 5293
748 5292
749 5291
750 5290
751 5289
752 5288
753 5287
754 5286
755 5285
756 5284
757 5283
758 5282
759 5281
760 5280
761 5279
762 5278
763 5277
764 5276
765 5275
766 5274
767 5273
768 5272
769 5271
770 5270
771 5269
772 5268
773 5267
774 5266
775 5265
776 5264
777 5263
778 5262
779 5261
780 5260
781 5259
782 5258
783 5257
784 5256
785 5255
786 5254
787 5253
788 5252
789 5251
790 5250
791 5249
792 5248
793 5247
794 5246
795 5245
796 5244
797 5243
798 5242
799 5241
800 5240
801 5239
802 5238
803 5237
804 5236
805 5235
806 5234
807 5233
808 5232
809 5231
810 5230
811 5229
812 5228
813 5227
814 5225
815 5224
816 5223
817 5222
818 5221
819 5220
820 5219
821 5218
822 5217
823 5216
824 5215
825 5214
826 5213
827 5226
828 5212
829 5211
830 5210
831 5209
832 5208
833 5207
834 5206
835 5205
836 5204
837 5203
838 5202
839 5201
840 5200
841 5199
842 5198
843 5197
844 5196
845 5195
846 5194
847 5193
848 5192
849 5191
850 5190
851 5189
852 5188
853 5187
854 5186
855 5185
856 5184
857 5183
858 5182
859 5181
860 5180
861 5179
862 5178
863 5177
864 5176
865 5175
866 5174
867 5173
868 5171
869 5170
870 5169
871 5168
872 5167
873 5165
874 5166
875 5164
876 5163
877 5162
878 5161
879 5160
880 5159
881 5158
882 5156
883 5157
884 5155
885 5154
886 5153
887 5152
888 5151
889 5150
890 5149
891 5148
892 5147
893 5146
894 5145
895 5144
896 5143
897 5142
898 5141
899 5140
900 5139
901 5138
902 5137
903 5136
904 5135
905 5134
906 5133
907 5132
908 5131
909 5130
910 5129
911 5128
912 5127
913 5126
914 5125
915 5124
916 5123
917 5122
918 5121
919 5120
920 5119
921 5118
922 5117
923 5116
924 5115
925 5114
926 5113
927 5112
928 5111
929 5110
930 5109
931 5108
932 5107
933 5106
934 5105
935 5104
936 5103
937 5102
938 5100
939 5101
940 5099
941 5098
942 5097
943 5096
944 5095
945 5094
946 5093
947 5092
948 5091
949 5089
950 5090
951 5088
952 5087
953 5086
954 5085
955 5084
956 5083
957 5082
958 5081
959 5080
960 5079
961 5078
962 5077
963 5076
964 5075
965 5074
966 5073
967 5072
968 5071
969 5070
970 5068
971 5067
972 5066
973 5065
974 5064
975 5063
976 5062
977 5061
978 5060
979 5058
980 5059
981 5057
982 5056
983 5055
984 5054
985 5053
986 5052
987 5051
988 5050
989 5049
990 5048
991 5047
992 5046
993 5045
994 5044
995 5043
996 5042
997 5041
998 5040
999 5039
1000 5038
1001 5037
1002 5036
1003 5035
1004 5034
1005 5033
1006 5032
1007 5031
1008 5030
1009 5029
1010 5028
1011 5027
1012 5026
1013 5025
1014 5069
1015 5024
1016 5023
1017 5022
1018 5021
1019 5020
1020 5019
1021 5018
1022 5017
1023 5016
1024 5015
1025 5013
1026 5014
1027 5012
1028 5011
1029 5010
1030 5008
1031 5009
1032 5007
1033 5006
1034 5005
1035 5004
1036 5003
1037 5002
1038 5001
1039 5000
1040 4999
1041 4998
1042 4997
1043 4996
1044 4995
1045 4993
1046 4994
1047 4992
1048 4991
1049 4990
1050 4989
1051 4988
1052 4986
1053 4987
1054 4985
1055 4984
1056 4983
1057 4982
1058 4981
1059 4980
1060 4979
1061 4978
1062 4977
1063 4976
1064 4975
1065 4974
1066 4973
1067 4972
1068 4971
1069 4970
1070 4968
1071 4969
1072 4967
1073 4966
1074 4965
1075 4964
1076 4963
1077 4962
1078 4961
1079 4960
1080 4959
1081 4958
1082 4957
1083 4956
1084 4955
1085 4954
1086 4953
1087 4952
1088 4951
1089 4950
1090 4949
1091 4948
1092 4947
1093 4946
1094 4945
1095 4944
1096 4943
1097 4942
1098 4941
1099 4940
1100 4939
1101 4938
1102 4937
1103 4936
1104 4935
1105 4934
1106 4933
1107 4932
1108 4931
1109 4930
1110 4929
1111 4928
1112 4927
1113 4926
1114 4925
1115 4924
1116 4923
1117 4922
1118 4921
1119 4920
1120 4919
1121 4918
1122 4917
1123 4916
1124 4915
1125 4914
1126 4913
1127 4912
1128 4911
1129 4910
1130 4909
1131 4908
1132 4907
1133 4906
1134 4905
1135 4904
1136 4903
1137 4902
1138 4901
1139 4900
1140 4899
1141 4898
1142 4897
1143 5172
1144 4895
1145 4894
1146 4893
1147 4892
1148 4891
1149 4890
1150 4889
1151 4888
1152 4887
1153 4886
1154 4885
1155 4884
1156 4883
1157 4882
1158 4881
1159 4880
1160 4879
1161 4878
1162 4877
1163 4876
1164 4875
1165 4874
1166 4873
1167 4871
1168 4872
1169 4870
1170 4869
1171 4868
1172 4867
1173 4866
1174 4865
1175 4864
1176 4863
1177 4862
1178 4861
1179 4860
1180 4859
1181 4858
1182 4857
1183 4856
1184 4855
1185 4854
1186 4853
1187 4852
1188 4851
1189 4849
1190 4848
1191 4850
1192 4847
1193 4846
1194 4845
1195 4844
1196 4843
1197 4842
1198 4841
1199 4840
1200 4839
1201 4838
1202 4837
1203 4836
1204 4835
1205 4834
1206 4833
1207 4832
1208 4831
1209 4830
1210 4829
1211 4828
1212 4827
1213 4826
1214 4825
1215 4824
1216 4823
1217 4822
1218 4821
1219 4820
1220 4819
1221 4818
1222 4817
1223 4816
1224 4815
1225 4814
1226 4813
1227 4812
1228 4811
1229 4810
1230 4809
1231 4808
1232 4807
1233 4806
1234 4805
1235 4804
1236 4803
1237 4802
1238 4801
1239 4800
1240 4799
1241 4798
1242 4797
1243 4796
1244 4795
1245 4794
1246 4793
1247 4792
1248 4791
1249 4790
1250 4788
1251 4789
1252 4787
1253 4786
1254 4785
1255 4784
1256 4783
1257 4782
1258 4781
1259 4780
1260 4779
1261 4778
1262 4777
1263 4776
1264 4775
1265 4774
1266 4773
1267 4772
1268 4771
1269 4770
1270 4769
1271 4768
1272 4767
1273 4766
1274 4765
1275 4764
1276 4763
1277 4762
1278 4761
1279 4760
1280 4759
1281 4758
1282 4757
1283 4756
1284 4755
1285 4754
1286 4753
1287 4752
1288 4751
1289 4750
1290 4749
1291 4748
1292 4747
1293 4746
1294 4745
1295 4744
1296 4743
1297 4742
1298 4741
1299 4740
1300 4739
1301 4738
1302 4737
1303 4736
1304 4735
1305 4734
1306 4733
1307 4732
1308 4731
1309 4730
1310 4729
1311 4728
1312 4727
1313 4726
1314 4725
1315 4724
1316 4723
1317 4722
1318 4721
1319 4720
1320 4719
1321 4718
1322 4716
1323 4715
1324 4714
1325 4713
1326 4712
1327 4711
1328 4717
1329 4710
1330 4709
1331 4708
1332 4707
1333 4706
1334 4705
1335 4704
1336 4703
1337 4702
1338 4701
1339 4700
1340 4699
1341 4698
1342 4697
1343 4696
1344 4695
1345 4694
1346 4693
1347 4692
1348 4691
1349 4690
1350 4689
1351 4688
1352 4687
1353 4686
1354 4685
1355 4684
1356 4683
1357 4682
1358 4681
1359 4680
1360 4679
1361 4678
1362 4677
1363 4676
1364 4675
1365 4674
1366 4673
1367 4672
1368 4671
1369 4670
1370 4669
1371 4668
1372 4896
1373 4667
1374 4666
1375 4665
1376 4664
1377 4663
1378 4662
1379 4661
1380 4660
1381 4659
1382 4658
1383 4657
1384 4656
1385 4655
1386 4654
1387 4653
1388 4652
1389 4651
1390 4650
1391 4649
1392 4648
1393 4647
1394 4646
1395 4645
1396 4644
1397 4643
1398 4642
1399 4641
1400 4640
1401 4639
1402 4638
1403 4637
1404 4636
1405 4635
1406 4634
1407 4633
1408 4632
1409 4631
1410 4630
1411 4629
1412 4628
1413 4627
1414 4626
1415 4625
1416 4624
1417 4622
1418 4621
1419 4620
1420 4619
1421 4618
1422 4617
1423 4616
1424 4615
1425 4614
1426 4613
1427 4612
1428 4611
1429 4610
1430 4609
1431 4608
1432 4607
1433 4606
1434 4605
1435 4604
1436 4603
1437 4602
1438 4601
1439 4600
1440 4599
1441 4598
1442 4623
1443 4597
1444 4596
1445 4595
1446 4594
1447 4593
1448 4592
1449 4591
1450 4590
1451 4589
1452 4588
1453 4587
1454 4586
1455 4585
1456 4584
1457 4583
1458 4582
1459 4581
1460 4580
1461 4579
1462 4578
1463 4577
1464 4575
1465 4574
1466 4573
1467 4572
1468 4576
1469 4571
1470 4570
1471 4569
1472 4568
1473 4567
1474 4566
1475 4565
1476 4564
1477 4563
1478 4562
1479 4561
1480 4560
1481 4559
1482 4558
1483 4557
1484 4556
1485 4555
1486 4554
1487 4553
1488 4552
1489 4551
1490 4550
1491 4549
1492 4548
1493 4547
1494 4546
1495 4545
1496 4544
1497 4543
1498 4542
1499 4541
1500 4540
1501 4539
1502 4538
1503 4537
1504 4536
1505 4535
1506 4534
1507 4533
1508 4532
1509 4531
1510 4530
1511 4529
1512 4528
1513 4527
1514 4526
1515 4525
1516 4524
1517 4523
1518 4522
1519 4521
1520 4520
1521 4519
1522 4518
1523 4517
1524 4516
1525 4513
1526 4512
1527 4511
1528 4510
1529 4509
1530 4508
1531 4507
1532 4506
1533 4505
1534 4503
1535 4502
1536 4501
1537 4515
1538 4500
1539 4499
1540 4498
1541 4497
1542 4496
1543 4495
1544 4494
1545 4493
1546 4492
1547 4491
1548 4490
1549 4489
1550 4488
1551 4504
1552 4487
1553 4486
1554 4485
1555 4484
1556 4483
1557 4482
1558 4481
1559 4480
1560 4479
1561 4478
1562 4477
1563 4476
1564 4475
1565 4474
1566 4473
1567 4471
1568 4472
1569 4470
1570 4469
1571 4468
1572 4467
1573 4466
1574 4465
1575 4464
1576 4463
1577 4462
1578 4461
1579 4460
1580 4459
1581 4458
1582 4457
1583 4456
1584 4455
1585 4454
1586 4453
1587 4451
1588 4452
1589 4449
1590 4450
1591 4448
1592 4447
1593 4446
1594 4445
1595 4444
1596 4443
1597 4442
1598 4441
1599 4440
1600 4439
1601 4438
1602 4437
1603 4436
1604 4435
1605 4434
1606 4433
1607 4432
1608 4431
1609 4430
1610 4429
1611 4428
1612 4427
1613 4426
1614 4425
1615 4424
1616 4423
1617 4422
1618 4421
1619 4420
1620 4419
1621 4418
1622 4417
1623 4416
1624 4415
1625 4414
1626 4413
1627 4412
1628 4411
1629 4410
1630 4409
1631 4408
1632 4407
1633 4406
1634 4405
1635 4404
1636 4403
1637 4402
1638 4401
1639 4398
1640 4396
1641 4397
1642 4399
1643 4400
1644 4395
1645 4394
1646 4392
1647 4393
1648 4391
1649 4390
1650 4389
1651 4388
1652 4386
1653 4387
1654 4385
1655 4384
1656 4383
1657 4382
1658 4381
1659 4380
1660 4379
1661 4378
1662 4377
1663 4376
1664 4375
1665 4374
1666 4373
1667 4372
1668 4371
1669 4370
1670 4369
1671 4368
1672 4367
1673 4366
1674 4365
1675 4364
1676 4363
1677 4362
1678 4361
1679 4360
1680 4359
1681 4358
1682 4357
1683 4356
1684 4355
1685 4354
1686 4353
1687 4352
1688 4351
1689 4350
1690 4349
1691 4348
1692 4347
1693 4346
1694 4345
1695 4344
1696 4343
1697 4342
1698 4341
1699 4340
1700 4339
1701 4338
1702 4337
1703 4336
1704 4335
1705 4334
1706 4333
1707 4332
1708 4331
1709 4330
1710 4329
1711 4328
1712 4327
1713 4326
1714 4325
1715 4324
1716 4323
1717 4322
1718 4321
1719 4320
1720 4319
1721 4317
1722 4316
1723 4315
1724 4314
1725 4313
1726 4311
1727 4312
1728 4310
1729 4309
1730 4308
1731 4307
1732 4306
1733 4305
1734 4304
1735 4303
1736 4514
1737 4302
1738 4301
1739 4300
1740 4299
1741 4298
1742 4297
1743 4296
1744 4295
1745 4293
1746 4294
1747 4292
1748 4291
1749 4290
1750 4289
1751 4288
1752 4287
1753 4286
1754 4285
1755 4284
1756 4283
1757 4282
1758 4281
1759 4280
1760 4279
1761 4278
1762 4277
1763 4276
1764 4275
1765 4274
1766 4272
1767 4273
1768 4271
1769 4269
1770 4270
1771 4268
1772 4267
1773 4266
1774 4265
1775 4264
1776 4263
1777 4262
1778 4261
1779 4260
1780 4259
1781 4258
1782 4256
1783 4257
1784 4255
1785 4254
1786 4252
1787 4253
1788 4251
1789 4250
1790 4249
1791 4248
1792 4247
1793 4246
1794 4245
1795 4244
1796 4242
1797 4241
1798 4240
1799 4239
1800 4238
1801 4243
1802 4237
1803 4236
1804 4235
1805 4234
1806 4233
1807 4232
1808 4231
1809 4230
1810 4229
1811 4227
1812 4226
1813 4225
1814 4228
1815 4224
1816 4222
1817 4223
1818 4221
1819 4220
1820 4219
1821 4218
1822 4217
1823 4216
1824 4215
1825 4214
1826 4213
1827 4212
1828 4211
1829 4210
1830 4209
1831 4208
1832 4206
1833 4205
1834 4207
1835 4204
1836 4202
1837 4203
1838 4201
1839 4200
1840 4199
1841 4198
1842 4197
1843 4196
1844 4195
1845 4194
1846 4193
1847 4192
1848 4191
1849 4190
1850 4189
1851 4188
1852 4187
1853 4186
1854 4184
1855 4183
1856 4182
1857 4181
1858 4180
1859 4178
1860 4179
1861 4177
1862 4176
1863 4175
1864 4174
1865 4173
1866 4172
1867 4171
1868 4170
1869 4169
1870 4167
1871 4165
1872 4166
1873 4168
1874 4164
1875 4163
1876 4162
1877 4161
1878 4160
1879 4185
1880 4159
1881 4158
1882 4157
1883 4155
1884 4156
1885 4318
1886 4154
1887 4153
1888 4152
1889 4151
1890 4150
1891 4149
1892 4148
1893 4147
1894 4146
1895 4145
1896 4144
1897 4143
1898 4142
1899 4141
1900 4140
1901 4138
1902 4139
1903 4137
1904 4136
1905 4135
1906 4134
1907 4133
1908 4132
1909 4131
1910 4130
1911 4129
1912 4128
1913 4127
1914 4126
1915 4125
1916 4124
1917 4122
1918 4123
1919 4121
1920 4120
1921 4119
1922 4118
1923 4117
1924 4116
1925 4115
1926 4114
1927 4113
1928 4112
1929 4111
1930 4110
1931 4109
1932 4108
1933 4107
1934 4106
1935 4105
1936 4104
1937 4103
1938 4102
1939 4101
1940 4100
1941 4099
1942 4098
1943 4097
1944 4096
1945 4095
1946 4094
1947 4093
1948 4092
1949 4091
1950 4090
1951 4089
1952 4088
1953 4087
1954 4086
1955 4085
1956 4084
1957 4083
1958 4082
1959 4081
1960 4080
1961 4079
1962 4077
1963 4078
1964 4076
1965 4075
1966 4074
1967 4073
1968 4072
1969 4071
1970 4070
1971 4069
1972 4068
1973 4067
1974 4066
1975 4065
1976 4064
1977 4063
1978 4062
1979 4061
1980 4060
1981 4059
1982 4058
1983 4057
1984 4056
1985 4055
1986 4053
1987 4054
1988 4052
1989 4051
1990 4050
1991 4049
1992 4048
1993 4047
1994 4046
1995 4045
1996 4044
1997 4043
1998 4042
1999 4041
2000 4040
2001 4039
2002 4038
2003 4037
2004 4036
2005 4035
2006 4034
2007 4033
2008 4032
2009 4031
2010 4030
2011 4029
2012 4028
2013 4027
2014 4026
2015 4025
2016 4024
2017 4023
2018 4022
2019 4021
2020 4020
2021 4019
2022 4018
2023 4017
2024 4016
2025 4015
2026 4014
2027 4013
2028 4012
2029 4011
2030 4010
2031 4009
2032 4008
2033 4007
2034 4006
2035 4005
2036 4004
2037 4003
2038 4002
2039 4001
2040 4000
2041 3999
2042 3998
2043 3997
2044 3996
2045 3995
2046 3994
2047 3993
2048 3992
2049 3991
2050 3990
2051 3989
2052 3988
2053 3987
2054 3986
2055 3985
2056 3984
2057 3983
2058 3982
2059 3981
2060 3980
2061 3979
2062 3978
2063 3977
2064 3976
2065 3975
2066 3974
2067 3973
2068 3972
2069 3971
2070 3970
2071 3969
2072 3968
2073 3967
2074 3966
2075 3965
2076 3964
2077 3963
2078 3962
2079 3961
2080 3960
2081 3959
2082 3958
2083 3957
2084 3956
2085 3955
2086 3954
2087 3953
2088 3952
2089 3951
2090 3950
2091 3949
2092 3948
2093 3947
2094 3946
2095 3945
2096 3944
2097 3943
2098 3942
2099 3941
2100 3940
2101 3939
2102 3938
2103 3937
2104 3936
2105 3935
2106 3934
2107 3933
2108 3932
2109 3931
2110 3930
2111 3929
2112 3928
2113 3927
2114 3926
2115 3925
2116 3924
2117 3922
2118 3923
2119 3921
2120 3920
2121 3919
2122 3918
2123 3917
2124 3916
2125 3914
2126 3915
2127 3913
2128 3912
2129 3911
2130 3910
2131 3909
2132 3908
2133 3907
2134 3906
2135 3905
2136 3904
2137 3903
2138 3902
2139 3901
2140 3900
2141 3899
2142 3898
2143 3897
2144 3896
2145 3895
2146 3894
2147 3893
2148 3892
2149 3891
2150 3890
2151 3889
2152 3887
2153 3886
2154 3885
2155 3884
2156 3883
2157 3882
2158 3881
2159 3880
2160 3879
2161 3878
2162 3877
2163 3876
2164 3875
2165 3874
2166 3873
2167 3872
2168 3871
2169 3870
2170 3869
2171 3868
2172 3867
2173 3866
2174 3865
2175 3864
2176 3863
2177 3862
2178 3861
2179 3860
2180 3859
2181 3857
2182 3858
2183 3856
2184 3855
2185 3854
2186 3853
2187 3852
2188 3850
2189 3851
2190 3849
2191 3848
2192 3847
2193 3846
2194 3845
2195 3844
2196 3843
2197 3842
2198 3841
2199 3839
2200 3840
2201 3838
2202 3837
2203 3836
2204 3835
2205 3834
2206 3833
2207 3832
2208 3831
2209 3830
2210 3829
2211 3828
2212 3827
2213 3826
2214 3825
2215 3824
2216 3823
2217 3822
2218 3821
2219 3820
2220 3819
2221 3818
2222 3817
2223 3816
2224 3815
2225 3814
2226 3813
2227 3812
2228 3811
2229 3810
2230 3809
2231 3808
2232 3807
2233 3806
2234 3805
2235 3804
2236 3803
2237 3802
2238 3801
2239 3800
2240 3799
2241 3798
2242 3797
2243 3796
2244 3795
2245 3794
2246 3793
2247 3792
2248 3791
2249 3790
2250 3788
2251 3789
2252 3787
2253 3786
2254 3785
2255 3784
2256 3782
2257 3783
2258 3781
2259 3780
2260 3779
2261 3778
2262 3777
2263 3776
2264 3775
2265 3774
2266 3773
2267 3772
2268 3771
2269 3770
2270 3769
2271 3768
2272 3767
2273 3766
2274 3765
2275 3764
2276 3763
2277 3762
2278 3761
2279 3760
2280 3759
2281 3758
2282 3757
2283 3756
2284 3755
2285 3754
2286 3753
2287 3752
2288 3751
2289 3750
2290 3749
2291 3748
2292 3747
2293 3746
2294 3888
2295 3745
2296 3744
2297 3743
2298 3742
2299 3741
2300 3740
2301 3739
2302 3738
2303 3737
2304 3736
2305 3735
2306 3734
2307 3733
2308 3732
2309 3731
2310 3730
2311 3729
2312 3728
2313 3727
2314 3725
2315 3726
2316 3724
2317 3722
2318 3721
2319 3720
2320 3719
2321 3718
2322 3717
2323 3716
2324 3715
2325 3714
2326 3713
2327 3712
2328 3711
2329 3710
2330 3709
2331 3708
2332 3707
2333 3706
2334 3705
2335 3704
2336 3703
2337 3702
2338 3701
2339 3700
2340 3699
2341 3698
2342 3697
2343 3696
2344 3695
2345 3694
2346 3693
2347 3692
2348 3691
2349 3690
2350 3689
2351 3688
2352 3687
2353 3686
2354 3685
2355 3684
2356 3683
2357 3682
2358 3681
2359 3680
2360 3679
2361 3678
2362 3677
2363 3676
2364 3675
2365 3674
2366 3673
2367 3672
2368 3671
2369 3670
2370 3669
2371 3668
2372 3667
2373 3666
2374 3665
2375 3664
2376 3663
2377 3662
2378 3661
2379 3660
2380 3659
2381 3658
2382 3657
2383 3656
2384 3655
2385 3654
2386 3653
2387 3652
2388 3651
2389 3650
2390 3649
2391 3648
2392 3647
2393 3646
2394 3645
2395 3644
2396 3643
2397 3642
2398 3641
2399 3640
2400 3639
2401 3638
2402 3637
2403 3636
2404 3635
2405 3634
2406 3633
2407 3632
2408 3631
2409 3630
2410 3629
2411 3628
2412 3627
2413 3626
2414 3625
2415 3624
2416 3623
2417 3622
2418 3621
2419 3620
2420 3619
2421 3618
2422 3617
2423 3616
2424 3615
2425 3613
2426 3614
2427 3612
2428 3611
2429 3610
2430 3609
2431 3608
2432 3606
2433 3607
2434 3605
2435 3604
2436 3603
2437 3601
2438 3600
2439 3599
2440 3598
2441 3597
2442 3596
2443 3595
2444 3594
2445 3593
2446 3592
2447 3591
2448 3590
2449 3589
2450 3588
2451 3587
2452 3586
2453 3585
2454 3584
2455 3583
2456 3582
2457 3581
2458 3580
2459 3579
2460 3578
2461 3577
2462 3576
2463 3575
2464 3574
2465 3573
2466 3572
2467 3571
2468 3570
2469 3569
2470 3568
2471 3567
2472 3566
2473 3565
2474 3564
2475 3563
2476 3562
2477 3561
2478 3560
2479 3559
2480 3558
2481 3557
2482 3556
2483 3555
2484 3554
2485 3553
2486 3552
2487 3551
2488 3550
2489 3549
2490 3548
2491 3547
2492 3546
2493 3545
2494 3544
2495 3543
2496 3542
2497 3541
2498 3540
2499 3539
2500 3538
2501 3537
2502 3536
2503 3535
2504 3534
2505 3533
2506 3532
2507 3530
2508 3529
2509 3528
2510 3527
2511 3526
2512 3525
2513 3524
2514 3523
2515 3531
2516 3522
2517 3521
2518 3520
2519 3519
2520 3518
2521 3517
2522 3516
2523 3515
2524 3514
2525 3513
2526 3512
2527 3511
2528 3510
2529 3509
2530 3508
2531 3507
2532 3506
2533 3505
2534 3504
2535 3503
2536 3502
2537 3501
2538 3500
2539 3499
2540 3498
2541 3497
2542 3602
2543 3496
2544 3495
2545 3494
2546 3493
2547 3492
2548 3491
2549 3490
2550 3489
2551 3488
2552 3487
2553 3486
2554 3485
2555 3484
2556 3483
2557 3482
2558 3481
2559 3480
2560 3479
2561 3478
2562 3477
2563 3476
2564 3475
2565 3474
2566 3473
2567 3472
2568 3723
2569 3471
2570 3470
2571 3469
2572 3468
2573 3467
2574 3466
2575 3465
2576 3464
2577 3463
2578 3462
2579 3461
2580 3460
2581 3459
2582 3458
2583 3457
2584 3456
2585 3455
2586 3454
2587 3453
2588 3452
2589 3451
2590 3450
2591 3449
2592 3448
2593 3447
2594 3446
2595 3445
2596 3444
2597 3443
2598 3442
2599 3441
2600 3440
2601 3439
2602 3438
2603 3437
2604 3436
2605 3435
2606 3434
2607 3433
2608 3431
2609 3432
2610 3430
2611 3429
2612 3428
2613 3427
2614 3426
2615 3425
2616 3424
2617 3423
2618 3422
2619 3420
2620 3419
2621 3418
2622 3417
2623 3416
2624 3415
2625 3414
2626 3413
2627 3412
2628 3421
2629 3411
2630 3410
2631 3409
2632 3408
2633 3407
2634 3406
2635 3405
2636 3404
2637 3403
2638 3402
2639 3401
2640 3400
2641 3399
2642 3398
2643 3397
2644 3396
2645 3395
2646 3394
2647 3393
2648 3392
2649 3391
2650 3390
2651 3389
2652 3388
2653 3387
2654 3386
2655 3385
2656 3384
2657 3383
2658 3382
2659 3381
2660 3380
2661 3379
2662 3378
2663 3377
2664 3376
2665 3375
2666 3374
2667 3373
2668 3372
2669 3371
2670 3370
2671 3369
2672 3367
2673 3368
2674 3366
2675 3365
2676 3364
2677 3363
2678 3362
2679 3361
2680 3359
2681 3360
2682 3358
2683 3357
2684 3356
2685 3355
2686 3354
2687 3353
2688 3352
2689 3351
2690 3350
2691 3349
2692 3348
2693 3347
2694 3346
2695 3345
2696 3344
2697 3343
2698 3342
2699 3341
2700 3340
2701 3339
2702 3338
2703 3337
2704 3336
2705 3335
2706 3334
2707 3333
2708 3332
2709 3331
2710 3330
2711 3329
2712 3328
2713 3327
2714 3326
2715 3325
2716 3324
2717 3323
2718 3322
2719 3321
2720 3320
2721 3319
2722 3318
2723 3317
2724 3316
2725 3315
2726 3314
2727 3313
2728 3312
2729 3311
2730 3310
2731 3309
2732 3308
2733 3307
2734 3306
2735 3305
2736 3304
2737 3303
2738 3302
2739 3301
2740 3300
2741 3299
2742 3298
2743 3297
2744 3296
2745 3295
2746 3294
2747 3293
2748 3292
2749 3291
2750 3290
2751 3289
2752 3288
2753 3287
2754 3286
2755 3285
2756 3284
2757 3283
2758 3282
2759 3281
2760 3280
2761 3279
2762 3278
2763 3277
2764 3276
2765 3275
2766 3274
2767 3273
2768 3272
2769 3271
2770 3270
2771 3269
2772 3268
2773 3267
2774 3266
2775 3265
2776 3264
2777 3263
2778 3262
2779 3261
2780 3260
2781 3259
2782 3258
2783 3257
2784 3256
2785 3255
2786 3254
2787 3253
2788 3252
2789 3251
2790 3249
2791 3250
2792 3248
2793 3247
2794 3246
2795 3245
2796 3244
2797 3243
2798 3242
2799 3241
2800 3240
2801 3239
2802 3238
2803 3237
2804 3236
2805 3235
2806 3234
2807 3233
2808 3232
2809 3231
2810 3230
2811 3229
2812 3228
2813 3227
2814 3226
2815 3225
2816 3224
2817 3223
2818 3222
2819 3221
2820 3220
2821 3218
2822 3217
2823 3216
2824 3215
2825 3219
2826 3214
2827 3213
2828 3212
2829 3211
2830 3210
2831 3209
2832 3208
2833 3207
2834 3206
2835 3205
2836 3204
2837 3203
2838 3202
2839 3201
2840 3200
2841 3199
2842 3198
2843 3197
2844 3196
2845 3195
2846 3194
2847 3193
2848 3192
2849 3191
2850 3190
2851 3189
2852 3188
2853 3187
2854 3186
2855 3185
2856 3184
2857 3183
2858 3182
2859 3181
2860 3179
2861 3180
2862 3178
2863 3177
2864 3176
2865 3175
2866 3174
2867 3173
2868 3172
2869 3171
2870 3170
2871 3169
2872 3168
2873 3167
2874 3166
2875 3165
2876 3164
2877 3163
2878 3162
2879 3161
2880 3160
2881 3159
2882 3158
2883 3157
2884 3156
2885 3155
2886 3154
2887 3153
2888 3152
2889 3151
2890 3150
2891 3149
2892 3148
2893 3147
2894 3146
2895 3145
2896 3144
2897 3143
2898 3142
2899 3141
2900 3140
2901 3139
2902 3138
2903 3137
2904 3136
2905 3135
2906 3134
2907 3133
2908 3132
2909 3131
2910 3130
2911 3129
2912 3128
2913 3126
2914 3125
2915 3127
2916 3124
2917 3123
2918 3122
2919 3121
2920 3120
2921 3119
2922 3118
2923 3117
2924 3116
2925 3114
2926 3113
2927 3112
2928 3111
2929 3110
2930 3109
2931 3108
2932 3107
2933 3106
2934 3105
2935 3104
2936 3103
2937 3102
2938 3101
2939 3100
2940 3099
2941 3115
2942 3098
2943 3097
2944 3096
2945 3095
2946 3094
2947 3093
2948 3092
2949 3091
2950 3090
2951 3089
2952 3088
2953 3087
2954 3086
2955 3085
2956 3084
2957 3083
2958 3082
2959 3081
2960 3080
2961 3079
2962 3078
2963 3077
2964 3076
2965 3075
2966 3074
2967 3073
2968 3072
2969 3071
2970 3070
2971 3069
2972 3068
2973 3067
2974 3066
2975 3065
2976 3064
2977 3063
2978 3062
2979 3061
2980 3060
2981 3059
2982 3058
2983 3057
2984 3056
2985 3055
2986 3054
2987 3053
2988 3052
2989 3050
2990 3051
2991 3049
2992 3048
2993 3047
2994 3046
2995 3045
2996 3044
2997 3043
2998 3042
2999 3040
3000 3041
3001 3039
3002 3038
3003 3037
3004 3036
3005 3035
3006 3034
3007 3033
3008 3032
3009 3031
3010 3030
3011 3029
3012 3028
3013 3027
3014 3026
3015 3025
3016 3024
3017 3023
3018 3022
3019 3021
3020 3020
3021 3019
3022 3018
3023 3017
3024 3016
3025 3015
3026 3014
3027 3013
3028 3012
3029 3011
3030 3010
3031 3009
3032 3008
3033 3007
3034 3006
3035 3005
3036 3004
3037 3002
3038 3001
3039 3000
3040 2999
3041 2998
3042 2997
3043 2996
3044 2995
3045 2994
3046 2993
3047 2992
3048 2991
3049 2990
3050 2989
3051 3003
3052 2988
3053 2987
3054 2986
3055 2985
3056 2984
3057 2983
3058 2982
3059 2981
3060 2979
3061 2978
3062 2977
3063 2976
3064 2975
3065 2974
3066 2973
3067 2972
3068 2971
3069 2970
3070 2969
3071 2968
3072 2967
3073 2966
3074 2965
3075 2964
3076 2963
3077 2962
3078 2961
3079 2960
3080 2959
3081 2958
3082 2957
3083 2956
3084 2955
3085 2954
3086 2953
3087 2952
3088 2951
3089 2950
3090 2949
3091 2948
3092 2946
3093 2945
3094 2944
3095 2943
3096 2942
3097 2941
3098 2940
3099 2939
3100 2938
3101 2937
3102 2936
3103 2935
3104 2934
3105 2933
3106 2932
3107 2931
3108 2930
3109 2929
3110 2928
3111 2927
3112 2926
3113 2925
3114 2924
3115 2923
3116 2922
3117 2921
3118 2920
3119 2919
3120 2918
3121 2917
3122 2916
3123 2915
3124 2914
3125 2913
3126 2912
3127 2911
3128 2909
3129 2908
3130 2907
3131 2906
3132 2905
3133 2904
3134 2903
3135 2902
3136 2901
3137 2900
3138 2899
3139 2898
3140 2897
3141 2895
3142 2896
3143 2894
3144 2893
3145 2892
3146 2891
3147 2890
3148 2889
3149 2888
3150 2887
3151 2886
3152 2885
3153 2884
3154 2882
3155 2881
3156 2883
3157 2880
3158 2879
3159 2878
3160 2877
3161 2876
3162 2875
3163 2874
3164 2873
3165 2872
3166 2871
3167 2870
3168 2869
3169 2868
3170 2867
3171 2866
3172 2865
3173 2864
3174 2863
3175 2862
3176 2861
3177 2860
3178 2859
3179 2858
3180 2857
3181 2856
3182 2855
3183 2854
3184 2853
3185 2852
3186 2851
3187 2850
3188 2849
3189 2848
3190 2847
3191 2846
3192 2845
3193 2844
3194 2843
3195 2842
3196 2841
3197 2840
3198 2839
3199 2838
3200 2837
3201 2836
3202 2835
3203 2834
3204 2833
3205 2832
3206 2831
3207 2830
3208 2829
3209 2828
3210 2827
3211 2826
3212 2825
3213 2824
3214 2823
3215 2822
3216 2821
3217 2820
3218 2819
3219 2818
3220 2817
3221 2816
3222 2815
3223 2814
3224 2813
3225 2812
3226 2811
3227 2810
3228 2809
3229 2808
3230 2807
3231 2806
3232 2805
3233 2804
3234 2803
3235 2802
3236 2801
3237 2800
3238 2799
3239 2798
3240 2797
3241 2796
3242 2795
3243 2794
3244 2793
3245 2792
3246 2791
3247 2790
3248 2789
3249 2788
3250 2787
3251 2786
3252 2785
3253 2784
3254 2783
3255 2782
3256 2781
3257 2780
3258 2779
3259 2778
3260 2777
3261 2776
3262 2775
3263 2774
3264 2773
3265 2772
3266 2771
3267 2770
3268 2769
3269 2768
3270 2767
3271 2766
3272 2765
3273 2764
3274 2763
3275 2762
3276 2761
3277 2760
3278 2759
3279 2758
3280 2757
3281 2756
3282 2755
3283 2754
3284 2753
3285 2752
3286 2751
3287 2750
3288 2749
3289 2748
3290 2747
3291 2746
3292 2745
3293 2744
3294 2743
3295 2742
3296 2741
3297 2740
3298 2739
3299 2738
3300 2737
3301 2736
3302 2735
3303 2734
3304 2733
3305 2732
3306 2731
3307 2730
3308 2729
3309 2728
3310 2727
3311 2726
3312 2725
3313 2724
3314 2723
3315 2722
3316 2721
3317 2720
3318 2719
3319 2718
3320 2716
3321 2714
3322 2717
3323 2715
3324 2713
3325 2712
3326 2711
3327 2710
3328 2709
3329 2708
3330 2707
3331 2706
3332 2705
3333 2704
3334 2703
3335 2702
3336 2701
3337 2700
3338 2699
3339 2698
3340 2697
3341 2696
3342 2695
3343 2694
3344 2693
3345 2692
3346 2691
3347 2690
3348 2689
3349 2688
3350 2687
3351 2686
3352 2685
3353 2684
3354 2683
3355 2682
3356 2681
3357 2680
3358 2679
3359 2678
3360 2677
3361 2676
3362 2675
3363 2674
3364 2673
3365 2672
3366 2671
3367 2670
3368 2669
3369 2668
3370 2667
3371 2666
3372 2665
3373 2664
3374 2663
3375 2662
3376 2661
3377 2660
3378 2659
3379 2658
3380 2657
3381 2656
3382 2655
3383 2653
3384 2652
3385 2651
3386 2650
3387 2649
3388 2648
3389 2654
3390 2647
3391 2646
3392 2645
3393 2644
3394 2643
3395 2642
3396 2641
3397 2640
3398 2639
3399 2638
3400 2637
3401 2636
3402 2635
3403 2634
3404 2633
3405 2632
3406 2631
3407 2630
3408 2629
3409 2628
3410 2627
3411 2626
3412 2625
3413 2624
3414 2623
3415 2622
3416 2621
3417 2620
3418 2619
3419 2618
3420 2617
3421 2616
3422 2615
3423 2614
3424 2613
3425 2612
3426 2611
3427 2610
3428 2609
3429 2608
3430 2607
3431 2606
3432 2605
3433 2604
3434 2603
3435 2602
3436 2600
3437 2599
3438 2598
3439 2597
3440 2601
3441 2596
3442 2595
3443 2594
3444 2593
3445 2592
3446 2591
3447 2590
3448 2589
3449 2588
3450 2587
3451 2586
3452 2584
3453 2585
3454 2583
3455 2582
3456 2581
3457 2580
3458 2579
3459 2578
3460 2577
3461 2576
3462 2575
3463 2574
3464 2573
3465 2572
3466 2571
3467 2570
3468 2569
3469 2568
3470 2567
3471 2566
3472 2565
3473 2564
3474 2563
3475 2562
3476 2561
3477 2560
3478 2559
3479 2558
3480 2557
3481 2556
3482 2555
3483 2554
3484 2553
3485 2552
3486 2551
3487 2550
3488 2549
3489 2548
3490 2547
3491 2546
3492 2545
3493 2544
3494 2543
3495 2542
3496 2541
3497 2540
3498 2539
3499 2538
3500 2537
3501 2535
3502 2536
3503 2534
3504 2533
3505 2532
3506 2531
3507 2530
3508 2529
3509 2528
3510 2527
3511 2526
3512 2525
3513 2524
3514 2523
3515 2522
3516 2521
3517 2520
3518 2519
3519 2518
3520 2517
3521 2516
3522 2515
3523 2514
3524 2513
3525 2512
3526 2511
3527 2510
3528 2509
3529 2508
3530 2507
3531 2506
3532 2505
3533 2504
3534 2503
3535 2502
3536 2501
3537 2500
3538 2499
3539 2498
3540 2497
3541 2496
3542 2495
3543 2494
3544 2493
3545 2492
3546 2491
3547 2490
3548 2489
3549 2488
3550 2487
3551 2486
3552 2485
3553 2484
3554 2483
3555 2482
3556 2481
3557 2480
3558 2479
3559 2478
3560 2476
3561 2477
3562 2475
3563 2474
3564 2473
3565 2472
3566 2471
3567 2470
3568 2469
3569 2468
3570 2467
3571 2466
3572 2465
3573 2464
3574 2462
3575 2463
3576 2461
3577 2460
3578 2459
3579 2458
3580 2457
3581 2456
3582 2455
3583 2454
3584 2453
3585 2452
3586 2451
3587 2450
3588 2449
3589 2448
3590 2447
3591 2446
3592 2445
3593 2444
3594 2443
3595 2442
3596 2441
3597 2440
3598 2439
3599 2438
3600 2436
3601 2435
3602 2433
3603 2437
3604 2431
3605 2430
3606 2432
3607 2434
3608 2429
3609 2428
3610 2427
3611 2426
3612 2424
3613 2423
3614 2422
3615 2421
3616 2420
3617 2425
3618 2419
3619 2418
3620 2417
3621 2415
3622 2416
3623 2414
3624 2413
3625 2412
3626 2411
3627 2410
3628 2409
3629 2408
3630 2407
3631 2406
3632 2405
3633 2404
3634 2403
3635 2402
3636 2401
3637 2400
3638 2399
3639 2398
3640 2397
3641 2396
3642 2395
3643 2394
3644 2393
3645 2392
3646 2391
3647 2390
3648 2389
3649 2388
3650 2387
3651 2386
3652 2385
3653 2384
3654 2383
3655 2382
3656 2381
3657 2380
3658 2378
3659 2379
3660 2377
3661 2376
3662 2375
3663 2374
3664 2373
3665 2372
3666 2371
3667 2370
3668 2369
3669 2368
3670 2367
3671 2366
3672 2365
3673 2364
3674 2363
3675 2362
3676 2361
3677 2360
3678 2359
3679 2358
3680 2357
3681 2356
3682 2355
3683 2354
3684 2352
3685 2353
3686 2351
3687 2350
3688 2348
3689 2349
3690 2347
3691 2346
3692 2345
3693 2344
3694 2342
3695 2343
3696 2341
3697 2340
3698 2339
3699 2338
3700 2337
3701 2336
3702 2335
3703 2334
3704 2333
3705 2332
3706 2331
3707 2330
3708 2329
3709 2328
3710 2327
3711 2326
3712 2325
3713 2324
3714 2323
3715 2322
3716 2321
3717 2320
3718 2319
3719 2318
3720 2317
3721 2316
3722 2315
3723 2314
3724 2313
3725 2312
3726 2311
3727 2310
3728 2309
3729 2308
3730 2307
3731 2306
3732 2305
3733 2304
3734 2303
3735 2302
3736 2301
3737 2300
3738 2299
3739 2298
3740 2297
3741 2296
3742 2295
3743 2294
3744 2293
3745 2292
3746 2291
3747 2290
3748 2289
3749 2288
3750 2287
3751 2286
3752 2285
3753 2284
3754 2283
3755 2282
3756 2281
3757 2280
3758 2279
3759 2278
3760 2277
3761 2276
3762 2275
3763 2274
3764 2273
3765 2272
3766 2271
3767 2270
3768 2269
3769 2268
3770 2267
3771 2266
3772 2265
3773 2264
3774 2263
3775 2262
3776 2261
3777 2260
3778 2259
3779 2258
3780 2257
3781 2256
3782 2255
3783 2254
3784 2253
3785 2252
3786 2250
3787 2251
3788 2248
3789 2246
3790 2244
3791 2243
3792 2242
3793 2241
3794 2249
3795 2245
3796 2240
3797 2239
3798 2238
3799 2237
3800 2235
3801 2236
3802 2234
3803 2233
3804 2232
3805 2231
3806 2230
3807 2229
3808 2228
3809 2227
3810 2226
3811 2224
3812 2225
3813 2223
3814 2222
3815 2221
3816 2220
3817 2219
3818 2218
3819 2217
3820 2216
3821 2215
3822 2214
3823 2212
3824 2213
3825 2211
3826 2210
3827 2209
3828 2207
3829 2208
3830 2206
3831 2205
3832 2203
3833 2204
3834 2202
3835 2201
3836 2200
3837 2199
3838 2197
3839 2198
3840 2196
3841 2195
3842 2192
3843 2191
3844 2193
3845 2194
3846 2190
3847 2189
3848 2188
3849 2186
3850 2185
3851 2187
3852 2184
3853 2182
3854 2183
3855 2181
3856 2180
3857 2179
3858 2178
3859 2177
3860 2175
3861 2176
3862 2174
3863 2173
3864 2172
3865 2171
3866 2169
3867 2170
3868 2168
3869 2167
3870 2166
3871 2165
3872 2164
3873 2163
3874 2162
3875 2161
3876 2160
3877 2159
3878 2158
3879 2157
3880 2156
3881 2155
3882 2154
3883 2153
3884 2152
3885 2150
3886 2151
3887 2149
3888 2148
3889 2147
3890 2146
3891 2145
3892 2144
3893 2143
3894 2142
3895 2141
3896 2140
3897 2139
3898 2138
3899 2137
3900 2136
3901 2135
3902 2134
3903 2133
3904 2132
3905 2131
3906 2130
3907 2129
3908 2128
3909 2127
3910 2126
3911 2125
3912 2123
3913 2124
3914 2122
3915 2121
3916 2120
3917 2119
3918 2118
3919 2117
3920 2116
3921 2115
3922 2114
3923 2113
3924 2112
3925 2111
3926 2110
3927 2109
3928 2108
3929 2107
3930 2106
3931 2105
3932 2104
3933 2103
3934 2102
3935 2101
3936 2100
3937 2099
3938 2098
3939 2097
3940 2096
3941 2095
3942 2093
3943 2094
3944 2092
3945 2091
3946 2090
3947 2088
3948 2089
3949 2087
3950 2085
3951 2086
3952 2084
3953 2083
3954 2082
3955 2081
3956 2080
3957 2079
3958 2078
3959 2077
3960 2075
3961 2076
3962 2074
3963 2073
3964 2072
3965 2071
3966 2070
3967 2069
3968 2068
3969 2067
3970 2066
3971 2064
3972 2065
3973 2063
3974 2062
3975 2061
3976 2060
3977 2059
3978 2057
3979 2058
3980 2056
3981 2055
3982 2054
3983 2053
3984 2052
3985 2051
3986 2050
3987 2049
3988 2048
3989 2047
3990 2046
3991 2045
3992 2044
3993 2043
3994 2042
3995 2041
3996 2039
3997 2040
3998 2038
3999 2036
4000 2037
4001 2035
4002 2034
4003 2033
4004 2032
4005 2031
4006 2030
4007 2029
4008 2028
4009 2027
4010 2026
4011 2025
4012 2024
4013 2023
4014 2022
4015 2020
4016 2021
4017 2019
4018 2018
4019 2017
4020 2016
4021 2015
4022 2014
4023 2013
4024 2012
4025 2011
4026 2010
4027 2009
4028 2008
4029 2005
4030 2007
4031 2006
4032 2004
4033 2002
4034 2003
4035 2001
4036 2000
4037 1999
4038 1998
4039 1997
4040 1996
4041 1995
4042 1994
4043 1993
4044 1992
4045 1991
4046 1990
4047 1989
4048 1988
4049 1985
4050 1986
4051 1987
4052 1983
4053 1984
4054 1982
4055 1981
4056 1980
4057 1979
4058 1978
4059 1977
4060 1974
4061 1975
4062 1973
4063 1976
4064 1971
4065 1972
4066 1969
4067 1968
4068 1967
4069 1970
4070 1966
4071 1965
4072 1964
4073 1963
4074 1962
4075 1961
4076 1960
4077 1959
4078 1958
4079 1957
4080 1956
4081 1955
4082 1951
4083 1952
4084 1954
4085 1948
4086 1945
4087 1946
4088 1953
4089 1944
4090 1937
4091 1949
4092 1950
4093 1943
4094 1941
4095 1942
4096 1938
4097 1935
4098 1939
4099 1947
4100 1940
4101 1934
4102 1931
4103 1928
4104 1926
4105 1929
4106 1927
4107 1924
4108 1925
4109 1923
4110 1921
4111 1920
4112 1922
4113 1936
4114 1919
4115 1917
4116 1930
4117 1918
4118 1916
4119 1914
4120 1912
4121 1909
4122 1911
4123 1906
4124 1904
4125 1908
4126 1905
4127 1903
4128 1907
4129 1902
4130 1901
4131 1900
4132 1933
4133 1915
4134 1910
4135 1894
4136 1896
4137 1898
4138 1899
4139 1893
4140 1892
4141 1895
4142 1913
4143 1891
4144 1889
4145 1890
4146 1888
4147 1886
4148 1885
4149 1897
4150 1887
4151 1882
4152 1881
4153 1880
4154 1883
4155 1879
4156 1884
4157 1932
4158 1878
4159 1876
4160 1873
4161 1874
4162 1872
4163 1871
4164 1870
4165 1869
4166 1868
4167 1867
4168 1866
4169 1865
4170 1864
4171 1863
4172 1862
4173 1859
4174 1861
4175 1860
4176 1858
4177 1857
4178 1856
4179 1855
4180 1854
4181 1852
4182 1851
4183 1850
4184 1849
4185 1846
4186 1844
4187 1843
4188 1848
4189 1847
4190 1842
4191 1841
4192 1840
4193 1839
4194 1838
4195 1837
4196 1833
4197 1835
4198 1834
4199 1830
4200 1824
4201 1832
4202 1836
4203 1826
4204 1845
4205 1822
4206 1829
4207 1828
4208 1823
4209 1827
4210 1820
4211 1819
4212 1818
4213 1817
4214 1816
4215 1814
4216 1812
4217 1811
4218 1813
4219 1821
4220 1809
4221 1808
4222 1810
4223 1807
4224 1831
4225 1805
4226 1804
4227 1806
4228 1815
4229 1803
4230 1802
4231 1801
4232 1800
4233 1798
4234 1799
4235 1797
4236 1796
4237 1793
4238 1795
4239 1792
4240 1794
4241 1790
4242 1791
4243 1787
4244 1875
4245 1789
4246 1788
4247 1784
4248 1783
4249 1785
4250 1782
4251 1781
4252 1780
4253 1779
4254 1778
4255 1786
4256 1777
4257 1773
4258 1776
4259 1775
4260 1774
4261 1772
4262 1771
4263 1769
4264 1768
4265 1770
4266 1767
4267 1762
4268 1766
4269 1764
4270 1763
4271 1765
4272 1760
4273 1759
4274 1756
4275 1758
4276 1757
4277 1761
4278 1755
4279 1753
4280 1752
4281 1754
4282 1751
4283 1749
4284 1750
4285 1747
4286 1746
4287 1745
4288 1748
4289 1744
4290 1743
4291 1742
4292 1740
4293 1739
4294 1738
4295 1737
4296 1736
4297 1735
4298 1733
4299 1734
4300 1732
4301 1729
4302 1730
4303 1731
4304 1728
4305 1725
4306 1726
4307 1727
4308 1722
4309 1719
4310 1721
4311 1720
4312 1724
4313 1723
4314 1718
4315 1717
4316 1715
4317 1741
4318 1714
4319 1716
4320 1713
4321 1712
4322 1711
4323 1710
4324 1709
4325 1708
4326 1707
4327 1706
4328 1705
4329 1704
4330 1703
4331 1700
4332 1701
4333 1698
4334 1697
4335 1702
4336 1695
4337 1699
4338 1694
4339 1693
4340 1696
4341 1691
4342 1692
4343 1688
4344 1686
4345 1687
4346 1685
4347 1684
4348 1689
4349 1683
4350 1682
4351 1681
4352 1690
4353 1680
4354 1679
4355 1678
4356 1676
4357 1677
4358 1675
4359 1674
4360 1672
4361 1673
4362 1669
4363 1671
4364 1668
4365 1670
4366 1667
4367 1666
4368 1665
4369 1664
4370 1663
4371 1662
4372 1661
4373 1660
4374 1659
4375 1658
4376 1654
4377 1655
4378 1657
4379 1656
4380 1653
4381 1652
4382 1651
4383 1650
4384 1649
4385 1648
4386 1647
4387 1646
4388 1645
4389 1644
4390 1641
4391 1643
4392 1642
4393 1640
4394 1639
4395 1638
4396 1637
4397 1636
4398 1634
4399 1635
4400 1633
4401 1632
4402 1631
4403 1628
4404 1629
4405 1630
4406 1627
4407 1626
4408 1625
4409 1624
4410 1623
4411 1622
4412 1621
4413 1620
4414 1617
4415 1618
4416 1619
4417 1616
4418 1614
4419 1615
4420 1613
4421 1612
4422 1611
4423 1610
4424 1609
4425 1608
4426 1825
4427 1607
4428 1606
4429 1605
4430 1604
4431 1603
4432 1602
4433 1601
4434 1600
4435 1599
4436 1598
4437 1597
4438 1596
4439 1595
4440 1594
4441 1593
4442 1592
4443 1591
4444 1590
4445 1589
4446 1588
4447 1587
4448 1586
4449 1585
4450 1584
4451 1583
4452 1579
4453 1582
4454 1580
4455 1578
4456 1577
4457 1576
4458 1574
4459 1575
4460 1573
4461 1572
4462 1571
4463 1570
4464 1569
4465 1568
4466 1567
4467 1566
4468 1564
4469 1565
4470 1563
4471 1562
4472 1561
4473 1560
4474 1559
4475 1558
4476 1556
4477 1555
4478 1554
4479 1553
4480 1552
4481 1550
4482 1549
4483 1548
4484 1551
4485 1547
4486 1546
4487 1545
4488 1544
4489 1543
4490 1542
4491 1540
4492 1541
4493 1539
4494 1538
4495 1537
4496 1535
4497 1536
4498 1534
4499 1533
4500 1532
4501 1531
4502 1530
4503 1529
4504 1528
4505 1527
4506 1526
4507 1525
4508 1524
4509 1523
4510 1521
4511 1522
4512 1520
4513 1519
4514 1517
4515 1518
4516 1516
4517 1515
4518 1514
4519 1513
4520 1512
4521 1511
4522 1510
4523 1509
4524 1508
4525 1507
4526 1506
4527 1581
4528 1504
4529 1503
4530 1501
4531 1500
4532 1502
4533 1499
4534 1497
4535 1498
4536 1496
4537 1495
4538 1493
4539 1494
4540 1492
4541 1491
4542 1490
4543 1489
4544 1488
4545 1487
4546 1486
4547 1484
4548 1485
4549 1483
4550 1482
4551 1481
4552 1479
4553 1478
4554 1476
4555 1477
4556 1474
4557 1473
4558 1475
4559 1472
4560 1470
4561 1471
4562 1469
4563 1468
4564 1467
4565 1480
4566 1466
4567 1465
4568 1463
4569 1464
4570 1462
4571 1461
4572 1460
4573 1459
4574 1458
4575 1457
4576 1456
4577 1454
4578 1453
4579 1452
4580 1451
4581 1455
4582 1450
4583 1448
4584 1446
4585 1445
4586 1447
4587 1449
4588 1443
4589 1444
4590 1442
4591 1441
4592 1440
4593 1439
4594 1438
4595 1437
4596 1436
4597 1435
4598 1434
4599 1433
4600 1432
4601 1430
4602 1429
4603 1431
4604 1427
4605 1426
4606 1423
4607 1425
4608 1424
4609 1422
4610 1421
4611 1420
4612 1419
4613 1418
4614 1416
4615 1415
4616 1417
4617 1414
4618 1413
4619 1412
4620 1411
4621 1409
4622 1408
4623 1407
4624 1406
4625 1405
4626 1404
4627 1403
4628 1402
4629 1401
4630 1410
4631 1400
4632 1399
4633 1397
4634 1398
4635 1396
4636 1393
4637 1394
4638 1395
4639 1392
4640 1390
4641 1389
4642 1388
4643 1391
4644 1387
4645 1386
4646 1385
4647 1384
4648 1383
4649 1381
4650 1380
4651 1382
4652 1378
4653 1379
4654 1377
4655 1376
4656 1375
4657 1374
4658 1373
4659 1372
4660 1371
4661 1370
4662 1369
4663 1368
4664 1367
4665 1366
4666 1364
4667 1363
4668 1365
4669 1362
4670 1361
4671 1360
4672 1359
4673 1358
4674 1357
4675 1356
4676 1355
4677 1354
4678 1353
4679 1352
4680 1351
4681 1350
4682 1349
4683 1348
4684 1347
4685 1346
4686 1345
4687 1344
4688 1343
4689 1342
4690 1341
4691 1340
4692 1338
4693 1339
4694 1337
4695 1336
4696 1335
4697 1334
4698 1333
4699 1332
4700 1331
4701 1330
4702 1329
4703 1328
4704 1325
4705 1326
4706 1324
4707 1327
4708 1323
4709 1322
4710 1321
4711 1320
4712 1319
4713 1316
4714 1317
4715 1318
4716 1315
4717 1314
4718 1313
4719 1312
4720 1311
4721 1310
4722 1309
4723 1308
4724 1307
4725 1306
4726 1305
4727 1304
4728 1303
4729 1301
4730 1299
4731 1300
4732 1302
4733 1298
4734 1297
4735 1296
4736 1295
4737 1293
4738 1294
4739 1292
4740 1291
4741 1290
4742 1289
4743 1288
4744 1286
4745 1285
4746 1284
4747 1282
4748 1281
4749 1280
4750 1279
4751 1283
4752 1278
4753 1277
4754 1276
4755 1275
4756 1274
4757 1273
4758 1272
4759 1271
4760 1270
4761 1269
4762 1268
4763 1267
4764 1266
4765 1264
4766 1263
4767 1262
4768 1261
4769 1557
4770 1260
4771 1259
4772 1258
4773 1255
4774 1256
4775 1257
4776 1254
4777 1253
4778 1252
4779 1251
4780 1250
4781 1249
4782 1248
4783 1247
4784 1246
4785 1245
4786 1244
4787 1243
4788 1242
4789 1241
4790 1240
4791 1239
4792 1237
4793 1238
4794 1236
4795 1235
4796 1234
4797 1233
4798 1232
4799 1230
4800 1229
4801 1227
4802 1231
4803 1228
4804 1226
4805 1225
4806 1223
4807 1222
4808 1224
4809 1221
4810 1220
4811 1219
4812 1218
4813 1217
4814 1216
4815 1215
4816 1211
4817 1214
4818 1212
4819 1213
4820 1210
4821 1209
4822 1208
4823 1207
4824 1206
4825 1205
4826 1204
4827 1203
4828 1202
4829 1201
4830 1200
4831 1199
4832 1198
4833 1197
4834 1196
4835 1195
4836 1194
4837 1193
4838 1192
4839 1190
4840 1189
4841 1191
4842 1186
4843 1188
4844 1187
4845 1185
4846 1184
4847 1183
4848 1182
4849 1181
4850 1180
4851 1179
4852 1178
4853 1177
4854 1176
4855 1175
4856 1174
4857 1173
4858 1172
4859 1171
4860 1170
4861 1169
4862 1168
4863 1167
4864 1166
4865 1165
4866 1163
4867 1164
4868 1162
4869 1161
4870 1160
4871 1159
4872 1158
4873 1157
4874 1156
4875 1155
4876 1154
4877 1153
4878 1152
4879 1151
4880 1853
4881 1150
4882 1149
4883 1148
4884 1147
4885 1146
4886 1145
4887 1144
4888 1143
4889 1141
4890 1142
4891 1139
4892 1140
4893 1138
4894 1137
4895 1136
4896 1135
4897 1134
4898 1133
4899 1132
4900 1131
4901 1130
4902 1128
4903 1129
4904 1127
4905 1126
4906 1125
4907 1124
4908 1123
4909 1122
4910 1121
4911 1120
4912 1119
4913 1117
4914 1116
4915 1115
4916 1114
4917 1113
4918 1112
4919 1111
4920 1109
4921 1108
4922 1110
4923 1107
4924 1106
4925 1105
4926 1104
4927 1103
4928 1102
4929 1101
4930 1100
4931 1099
4932 1118
4933 1098
4934 1097
4935 1096
4936 1095
4937 1094
4938 1093
4939 1092
4940 1091
4941 1090
4942 1089
4943 1088
4944 1087
4945 1086
4946 1085
4947 1084
4948 1083
4949 1081
4950 1082
4951 1080
4952 1079
4953 1078
4954 1077
4955 1075
4956 1076
4957 1074
4958 1073
4959 1071
4960 1070
4961 1072
4962 1069
4963 1068
4964 1067
4965 1066
4966 1065
4967 1064
4968 1063
4969 1062
4970 1061
4971 1060
4972 1059
4973 1058
4974 1057
4975 1056
4976 1055
4977 1054
4978 1053
4979 1505
4980 1052
4981 1051
4982 1050
4983 1049
4984 1048
4985 1047
4986 1046
4987 1045
4988 1044
4989 1043
4990 1042
4991 1041
4992 1040
4993 1039
4994 1038
4995 1037
4996 1036
4997 1035
4998 1034
4999 1033
5000 1032
5001 1031
5002 1030
5003 1029
5004 1028
5005 1027
5006 1025
5007 1026
5008 1024
5009 1023
5010 1022
5011 1021
5012 1020
5013 1019
5014 1018
5015 1017
5016 1016
5017 1015
5018 1014
5019 1013
5020 1011
5021 1010
5022 1009
5023 1008
5024 1007
5025 1006
5026 1005
5027 1003
5028 1002
5029 1004
5030 1001
5031 1000
5032 999
5033 998
5034 997
5035 996
5036 995
5037 994
5038 993
5039 1012
5040 992
5041 991
5042 990
5043 989
5044 988
5045 987
5046 986
5047 985
5048 984
5049 983
5050 982
5051 981
5052 980
5053 979
5054 978
5055 977
5056 976
5057 975
5058 974
5059 973
5060 972
5061 971
5062 970
5063 969
5064 968
5065 966
5066 967
5067 964
5068 965
5069 963
5070 962
5071 961
5072 960
5073 959
5074 958
5075 957
5076 956
5077 955
5078 954
5079 953
5080 952
5081 950
5082 951
5083 949
5084 948
5085 947
5086 946
5087 945
5088 944
5089 1428
5090 943
5091 942
5092 941
5093 940
5094 938
5095 939
5096 937
5097 936
5098 935
5099 934
5100 933
5101 932
5102 931
5103 930
5104 929
5105 928
5106 927
5107 2247
5108 926
5109 925
5110 924
5111 923
5112 922
5113 921
5114 920
5115 919
5116 917
5117 916
5118 918
5119 915
5120 914
5121 913
5122 912
5123 911
5124 910
5125 909
5126 908
5127 907
5128 906
5129 905
5130 904
5131 903
5132 902
5133 901
5134 900
5135 899
5136 898
5137 897
5138 896
5139 895
5140 894
5141 893
5142 892
5143 891
5144 890
5145 889
5146 888
5147 887
5148 886
5149 885
5150 884
5151 883
5152 882
5153 881
5154 880
5155 879
5156 878
5157 877
5158 876
5159 875
5160 874
5161 873
5162 872
5163 871
5164 870
5165 869
5166 868
5167 867
5168 866
5169 865
5170 864
5171 863
5172 862
5173 861
5174 860
5175 859
5176 858
5177 857
5178 856
5179 854
5180 853
5181 852
5182 851
5183 850
5184 849
5185 848
5186 847
5187 846
5188 845
5189 844
5190 842
5191 841
5192 843
5193 840
5194 839
5195 838
5196 837
5197 836
5198 835
5199 834
5200 833
5201 832
5202 831
5203 830
5204 829
5205 828
5206 827
5207 826
5208 825
5209 824
5210 823
5211 822
5212 821
5213 820
5214 819
5215 818
5216 817
5217 816
5218 814
5219 815
5220 813
5221 811
5222 810
5223 809
5224 808
5225 807
5226 812
5227 806
5228 805
5229 804
5230 803
5231 802
5232 801
5233 800
5234 799
5235 798
5236 797
5237 796
5238 795
5239 794
5240 793
5241 792
5242 791
5243 790
5244 789
5245 788
5246 786
5247 787
5248 785
5249 784
5250 783
5251 782
5252 781
5253 780
5254 779
5255 778
5256 777
5257 775
5258 776
5259 774
5260 773
5261 772
5262 771
5263 770
5264 769
5265 768
5266 767
5267 766
5268 765
5269 764
5270 763
5271 762
5272 761
5273 760
5274 759
5275 758
5276 757
5277 756
5278 755
5279 754
5280 753
5281 752
5282 751
5283 750
5284 749
5285 748
5286 855
5287 747
5288 746
5289 745
5290 744
5291 743
5292 742
5293 741
5294 740
5295 739
5296 738
5297 737
5298 736
5299 735
5300 734
5301 733
5302 732
5303 731
5304 730
5305 729
5306 728
5307 727
5308 726
5309 725
5310 724
5311 723
5312 722
5313 721
5314 720
5315 719
5316 718
5317 717
5318 716
5319 715
5320 714
5321 713
5322 712
5323 711
5324 710
5325 709
5326 708
5327 707
5328 706
5329 705
5330 704
5331 703
5332 702
5333 701
5334 700
5335 699
5336 698
5337 697
5338 696
5339 695
5340 694
5341 693
5342 692
5343 691
5344 690
5345 689
5346 688
5347 687
5348 686
5349 685
5350 684
5351 682
5352 683
5353 681
5354 680
5355 679
5356 678
5357 677
5358 676
5359 675
5360 674
5361 673
5362 672
5363 671
5364 670
5365 669
5366 668
5367 667
5368 666
5369 665
5370 664
5371 663
5372 662
5373 661
5374 660
5375 659
5376 658
5377 657
5378 656
5379 655
5380 654
5381 653
5382 652
5383 651
5384 650
5385 649
5386 648
5387 647
5388 646
5389 645
5390 644
5391 643
5392 642
5393 641
5394 640
5395 639
5396 638
5397 637
5398 636
5399 635
5400 634
5401 633
5402 632
5403 631
5404 630
5405 628
5406 629
5407 627
5408 626
5409 625
5410 624
5411 623
5412 622
5413 621
5414 620
5415 619
5416 618
5417 617
5418 616
5419 615
5420 614
5421 613
5422 612
5423 611
5424 610
5425 609
5426 608
5427 607
5428 606
5429 605
5430 604
5431 603
5432 602
5433 601
5434 600
5435 599
5436 598
5437 597
5438 596
5439 595
5440 594
5441 593
5442 592
5443 591
5444 590
5445 589
5446 588
5447 587
5448 586
5449 585
5450 584
5451 583
5452 582
5453 581
5454 580
5455 579
5456 578
5457 577
5458 576
5459 575
5460 574
5461 573
5462 572
5463 571
5464 570
5465 569
5466 568
5467 567
5468 566
5469 565
5470 564
5471 563
5472 562
5473 561
5474 559
5475 560
5476 558
5477 557
5478 556
5479 555
5480 554
5481 553
5482 552
5483 551
5484 550
5485 549
5486 548
5487 547
5488 546
5489 545
5490 543
5491 544
5492 542
5493 541
5494 540
5495 539
5496 538
5497 537
5498 536
5499 534
5500 535
5501 533
5502 532
5503 531
5504 530
5505 529
5506 528
5507 527
5508 526
5509 525
5510 524
5511 523
5512 522
5513 521
5514 520
5515 519
5516 518
5517 517
5518 516
5519 515
5520 514
5521 513
5522 512
5523 510
5524 509
5525 511
5526 508
5527 507
5528 506
5529 505
5530 504
5531 503
5532 502
5533 500
5534 501
5535 499
5536 498
5537 497
5538 496
5539 495
5540 494
5541 493
5542 492
5543 491
5544 490
5545 489
5546 488
5547 487
5548 486
5549 485
5550 484
5551 483
5552 482
5553 481
5554 480
5555 479
5556 478
5557 477
5558 476
5559 475
5560 474
5561 473
5562 472
5563 471
5564 470
5565 469
5566 468
5567 467
5568 466
5569 464
5570 465
5571 463
5572 462
5573 461
5574 460
5575 459
5576 458
5577 457
5578 456
5579 455
5580 454
5581 453
5582 452
5583 451
5584 450
5585 449
5586 448
5587 447
5588 446
5589 445
5590 444
5591 443
5592 442
5593 441
5594 440
5595 439
5596 438
5597 437
5598 436
5599 435
5600 434
5601 433
5602 432
5603 431
5604 430
5605 429
5606 428
5607 427
5608 426
5609 425
5610 423
5611 424
5612 422
5613 421
5614 420
5615 418
5616 417
5617 416
5618 415
5619 414
5620 413
5621 412
5622 411
5623 410
5624 409
5625 408
5626 407
5627 406
5628 405
5629 419
5630 404
5631 403
5632 402
5633 401
5634 400
5635 399
5636 397
5637 398
5638 396
5639 394
5640 395
5641 393
5642 392
5643 391
5644 390
5645 389
5646 388
5647 387
5648 386
5649 385
5650 383
5651 384
5652 382
5653 380
5654 381
5655 379
5656 378
5657 377
5658 376
5659 375
5660 374
5661 373
5662 372
5663 371
5664 370
5665 368
5666 369
5667 367
5668 366
5669 365
5670 364
5671 363
5672 362
5673 361
5674 360
5675 359
5676 358
5677 357
5678 356
5679 355
5680 354
5681 353
5682 352
5683 351
5684 350
5685 348
5686 347
5687 346
5688 345
5689 344
5690 343
5691 342
5692 341
5693 340
5694 339
5695 338
5696 337
5697 336
5698 335
5699 334
5700 333
5701 332
5702 331
5703 330
5704 329
5705 328
5706 327
5707 326
5708 325
5709 324
5710 323
5711 322
5712 321
5713 320
5714 319
5715 318
5716 317
5717 316
5718 315
5719 314
5720 313
5721 312
5722 311
5723 310
5724 309
5725 308
5726 307
5727 306
5728 305
5729 304
5730 303
5731 302
5732 301
5733 300
5734 299
5735 298
5736 297
5737 296
5738 295
5739 294
5740 293
5741 292
5742 291
5743 290
5744 289
5745 288
5746 287
5747 286
5748 285
5749 284
5750 283
5751 282
5752 281
5753 280
5754 279
5755 278
5756 277
5757 276
5758 275
5759 274
5760 271
5761 270
5762 269
5763 268
5764 267
5765 266
5766 265
5767 264
5768 263
5769 262
5770 261
5771 260
5772 259
5773 258
5774 257
5775 256
5776 255
5777 254
5778 253
5779 252
5780 272
5781 251
5782 250
5783 249
5784 248
5785 247
5786 246
5787 245
5788 244
5789 243
5790 242
5791 241
5792 240
5793 239
5794 238
5795 237
5796 236
5797 235
5798 234
5799 273
5800 233
5801 232
5802 231
5803 230
5804 229
5805 228
5806 227
5807 225
5808 226
5809 224
5810 223
5811 222
5812 221
5813 220
5814 219
5815 218
5816 217
5817 216
5818 215
5819 214
5820 213
5821 212
5822 211
5823 210
5824 209
5825 208
5826 207
5827 206
5828 205
5829 204
5830 203
5831 202
5832 201
5833 200
5834 199
5835 198
5836 197
5837 196
5838 195
5839 194
5840 193
5841 192
5842 191
5843 190
5844 189
5845 188
5846 187
5847 186
5848 185
5849 184
5850 183
5851 182
5852 181
5853 180
5854 179
5855 178
5856 177
5857 176
5858 175
5859 174
5860 173
5861 172
5862 171
5863 170
5864 169
5865 168
5866 167
5867 166
5868 165
5869 164
5870 163
5871 162
5872 161
5873 160
5874 158
5875 157
5876 156
5877 155
5878 154
5879 153
5880 152
5881 151
5882 150
5883 149
5884 148
5885 147
5886 146
5887 145
5888 144
5889 143
5890 142
5891 141
5892 140
5893 139
5894 138
5895 137
5896 135
5897 134
5898 136
5899 133
5900 132
5901 131
5902 1877
5903 130
5904 129
5905 128
5906 127
5907 126
5908 125
5909 124
5910 123
5911 122
5912 121
5913 120
5914 119
5915 118
5916 117
5917 116
5918 115
5919 114
5920 113
5921 112
5922 111
5923 110
5924 109
5925 108
5926 107
5927 106
5928 105
5929 104
5930 103
5931 102
5932 101
5933 100
5934 99
5935 98
5936 97
5937 96
5938 95
5939 94
5940 93
5941 92
5942 91
5943 90
5944 89
5945 88
5946 87
5947 86
5948 85
5949 84
5950 83
5951 1287
5952 82
5953 81
5954 80
5955 79
5956 78
5957 77
5958 76
5959 75
5960 74
5961 73
5962 72
5963 71
5964 70
5965 69
5966 68
5967 67
5968 66
5969 65
5970 64
5971 63
5972 62
5973 61
5974 60
5975 59
5976 58
5977 57
5978 56
5979 55
5980 54
5981 53
5982 52
5983 51
5984 50
5985 49
5986 48
5987 47
5988 46
5989 45
5990 44
5991 43
5992 42
5993 41
5994 40
5995 39
5996 38
5997 37
5998 36
5999 35
6000 34
6001 33
6002 32
6003 31
6004 30
6005 29
6006 28
6007 27
6008 26
6009 25
6010 24
6011 23
6012 22
6013 21
6014 20
6015 19
6016 18
6017 17
6018 16
6019 15
6020 14
6021 13
6022 12
6023 11
6024 10
6025 9
6026 8
6027 7
6028 6
6029 5
6030 4
6031 3
6032 2
6033 1
6034 2980
6035 159
6036 1265
6037 349
6038 2910
6039 2947
